0	0
0	1.0
1	1.0
1	1.0
2	1.0
2	1.0
3	1.0
3	1.0
4	1.0
4	1.0
5	1.0
5	1.0
6	1.0
6	1.0054545454545456
7	1.0054545454545456
7	1.0083333333333333
8	1.0083333333333333
8	1.0061538461538462
9	1.0061538461538462
9	1.0061538461538462
10	1.0061538461538462
10	1.0061538461538462
11	1.0061538461538462
11	1.0061538461538462
12	1.0061538461538462
12	1.0061538461538462
13	1.0061538461538462
13	1.0061538461538462
14	1.0061538461538462
14	1.0061538461538462
15	1.0061538461538462
15	1.0026666666666668
16	1.0026666666666668
16	1.0026666666666668
17	1.0026666666666668
17	0.9968750000000001
18	0.9968750000000001
18	0.9968750000000001
19	0.9968750000000001
19	0.9968750000000001
20	0.9968750000000001
20	0.9968750000000001
21	0.9968750000000001
21	0.9968750000000001
22	0.9968750000000001
22	0.9968750000000001
23	0.9968750000000001
23	0.9968750000000001
24	0.9968750000000001
24	0.9968750000000001
25	0.9968750000000001
25	0.9968750000000001
26	0.9968750000000001
26	0.9968750000000001
27	0.9968750000000001
27	0.9968750000000001
28	0.9968750000000001
28	0.9968750000000001
29	0.9968750000000001
29	0.9968750000000001
30	0.9968750000000001
30	0.9968750000000001
31	0.9968750000000001
31	0.9968750000000001
32	0.9968750000000001
32	0.9958823529411764
33	0.9958823529411764
33	0.9958823529411764
34	0.9958823529411764
34	0.9958823529411764
35	0.9958823529411764
35	0.9958823529411764
36	0.9958823529411764
36	0.9958823529411764
37	0.9958823529411764
37	0.9956250000000001
38	0.9956250000000001
38	0.9956250000000001
39	0.9956250000000001
39	0.9956250000000001
40	0.9956250000000001
40	0.9956250000000001
41	0.9956250000000001
41	0.9956250000000001
42	0.9956250000000001
42	0.9956250000000001
43	0.9956250000000001
43	0.9956250000000001
44	0.9956250000000001
44	1.002857142857143
45	1.002857142857143
45	1.002857142857143
46	1.002857142857143
46	1.002857142857143
47	1.002857142857143
47	1.002857142857143
48	1.002857142857143
48	1.002857142857143
49	1.002857142857143
49	1.002857142857143
50	1.002857142857143
50	1.002857142857143
51	1.002857142857143
51	1.002857142857143
52	1.002857142857143
52	1.002857142857143
53	1.002857142857143
53	1.002857142857143
54	1.002857142857143
54	0.9911764705882353
55	0.9911764705882353
55	0.9911764705882353
56	0.9911764705882353
56	0.9916666666666667
57	0.9916666666666667
57	0.9916666666666667
58	0.9916666666666667
58	0.9923529411764707
59	0.9923529411764707
59	0.9923529411764707
60	0.9923529411764707
60	0.9923529411764707
61	0.9923529411764707
61	0.9923529411764707
62	0.9923529411764707
62	0.995
63	0.995
63	0.995
64	0.995
64	0.995
65	0.995
65	0.9969999999999999
66	0.9969999999999999
66	0.9969999999999999
67	0.9969999999999999
67	0.9969999999999999
68	0.9969999999999999
68	0.9928571428571425
69	0.9928571428571425
69	0.9928571428571425
70	0.9928571428571425
70	0.9928571428571425
71	0.9928571428571425
71	0.9928571428571425
72	0.9928571428571425
72	0.9928571428571425
73	0.9928571428571425
73	0.9904545454545453
74	0.9904545454545453
74	0.9904545454545453
75	0.9904545454545453
75	0.9880952380952379
76	0.9880952380952379
76	0.9880952380952379
77	0.9880952380952379
77	0.9880952380952379
78	0.9880952380952379
78	0.9880952380952379
79	0.9880952380952379
79	0.9880952380952379
80	0.9880952380952379
80	0.9880952380952379
81	0.9880952380952379
81	0.9879999999999999
82	0.9879999999999999
82	0.9879999999999999
83	0.9879999999999999
83	0.9823529411764708
84	0.9823529411764708
84	0.9823529411764708
85	0.9823529411764708
85	0.9880000000000001
86	0.9880000000000001
86	0.9880000000000001
87	0.9880000000000001
87	0.9880000000000001
88	0.9880000000000001
88	0.9880000000000001
89	0.9880000000000001
89	0.9880000000000001
90	0.9880000000000001
90	0.9880000000000001
91	0.9880000000000001
91	0.9880000000000001
92	0.9880000000000001
92	0.9880000000000001
93	0.9880000000000001
93	0.9880000000000001
94	0.9880000000000001
94	0.9815384615384617
95	0.9815384615384617
95	0.9815384615384617
96	0.9815384615384617
96	0.9815384615384617
97	0.9815384615384617
97	0.9800000000000001
98	0.9800000000000001
98	0.9870000000000001
99	0.9870000000000001
99	0.9870000000000001
100	0.9870000000000001
100	0.9870000000000001
101	0.9870000000000001
101	0.9870000000000001
102	0.9870000000000001
102	0.9855555555555556
103	0.9855555555555556
103	0.9855555555555556
104	0.9855555555555556
104	0.9855555555555556
105	0.9855555555555556
105	0.9855555555555556
106	0.9855555555555556
106	0.9949999999999999
107	0.9949999999999999
107	0.9963636363636362
108	0.9963636363636362
108	0.9992307692307691
109	0.9992307692307691
109	0.9992307692307691
110	0.9992307692307691
110	0.9992307692307691
111	0.9992307692307691
111	0.9992307692307691
112	0.9992307692307691
112	0.9992307692307691
113	0.9992307692307691
113	0.9992307692307691
114	0.9992307692307691
114	0.9992307692307691
115	0.9992307692307691
115	0.9992307692307691
116	0.9992307692307691
116	0.9992307692307691
117	0.9992307692307691
117	1.002857142857143
118	1.002857142857143
118	1.002857142857143
119	1.002857142857143
119	1.002857142857143
120	1.002857142857143
120	1.002857142857143
121	1.002857142857143
121	1.002857142857143
122	1.002857142857143
122	1.002857142857143
123	1.002857142857143
123	1.002857142857143
124	1.002857142857143
124	1.002857142857143
125	1.002857142857143
125	1.002857142857143
126	1.002857142857143
126	1.002857142857143
127	1.002857142857143
127	1.002857142857143
128	1.002857142857143
128	1.002857142857143
129	1.002857142857143
129	1.002857142857143
130	1.002857142857143
130	1.002857142857143
131	1.002857142857143
131	1.002857142857143
132	1.002857142857143
132	1.002857142857143
133	1.002857142857143
133	1.0033333333333332
134	1.0033333333333332
134	1.0033333333333332
