SETTING GRID_LENGTH 200
SETTING NB_SPAWN_FOOD 500
SETTING FOOD_ENERGY 100
SETTING BOB_SPAWN_ENERGY 100
SETTING BOB_MAX_ENERGY 200
SETTING BOB_NEWBORN_ENERGY 50
SETTING SEXUAL_BORN_ENERGY 100
SETTING BOB_STATIONARY_ENERGY_LOSS 0.5
SETTING BOB_SELF_REPRODUCTION_ENERGY_LOSS 150
SETTING BOB_SEXUAL_REPRODUCTION_LOSS 100
SETTING BOB_SEXUAL_REPRODUCTION_LEVEL 150
SETTING PERCEPTION_FLAT_PENALTY 0.2
SETTING MEMORY_FLAT_PENALTY 0.2
SETTING DEFAULT_VELOCITY 1
SETTING DEFAULT_MASS 1
SETTING DEFAULT_VISION 4
SETTING DEFAULT_MEMORY_POINT 0
SETTING MASS_VARIATION 0.1
SETTING VELOCITY_VARIATION 0.1
SETTING VISION_VARIATION 1
SETTING MEMORY_POINT_VARIATION 1
SETTING SELF_REPRODUCTION True
SETTING SEXUAL_REPRODUCTION True
SETTING TICK_PER_DAY 50
GAME NB_BOB 621
GAME NB_BOB_SPAWNED 8407
GAME CURRENT_TICK 19
GAME CURRENT_DAY 66
BOB 8222 181 21 38.32 0.81 1.38 2 0
BOB 8382 183 19 34.32 0.79 1.35 3 1
BOB 8356 91 112 171.16 1.17 1.28 0 2
BOB 8403 93 112 45.74 1.09 1.26 0 2
BOB 8171 90 177 0 1.05 1.25 1 0
BOB 8245 86 143 13.96 1.01 1.25 1 1
BOB 8274 66 49 46.18 0.74 1.23 1.0 0
BOB 6995 161 2 71.36 1.07 1.22 0 0
BOB 8246 123 34 10.35 0.94 1.22 0 1
BOB 8397 83 115 114.81 1.05 1.22 0 0
BOB 7079 93 92 127.95 0.66 1.21 2.0 0
BOB 8367 92 100 32.66 1.13 1.21 1 0
BOB 7992 98 99 57.72 0.91 1.2 0 0
BOB 7671 63 50 112.49 0.71 1.19 1.0 0
BOB 8211 93 112 46.22 1.19 1.19 0 1
BOB 8288 64 49 27.73 0.64 1.19 1.0 1
BOB 7993 179 138 143.97 0.75 1.18 1.0 0
BOB 8007 95 100 34.4 1.12 1.18 0 0
BOB 8270 194 32 40.92 0.7 1.18 0 0
BOB 6369 117 28 0 0.93 1.17 0 0
BOB 7348 194 144 54.93 1.01 1.17 0 0
BOB 7697 110 112 94.06 0.86 1.17 0 1
BOB 7728 83 117 44.04 1.09 1.17 0 0
BOB 8336 154 115 48.56 0.83 1.17 2 1
BOB 7731 116 142 8.15 0.6 1.16 0 0
BOB 8063 13 115 87.8 0.65 1.16 0 2.0
BOB 8153 11 162 12.2 0.77 1.16 0 1.0
BOB 8258 65 53 99.6 0.79 1.16 1.0 0
BOB 8297 166 6 24.88 1.02 1.16 1 0
BOB 8404 74 115 51.65 0.68 1.16 0 2.0
BOB 6038 187 58 75.88 0.81 1.15 0 0
BOB 7167 49 149 112.2 0.83 1.15 0 1
BOB 8176 103 100 34.6 0.83 1.15 0 0
BOB 6453 23 81 0.6 0.69 1.14 1.0 0.0
BOB 7529 90 198 56.4 1.17 1.14 0 0
BOB 8254 73 49 15.29 0.89 1.14 2 0
BOB 8321 94 95 30.4 0.92 1.14 0 1
BOB 6855 32 117 173.99 0.6 1.13 0 0
BOB 7537 174 16 125.59 0.76 1.13 0 1
BOB 7632 72 12 97.88 0.77 1.13 0 0
BOB 7900 114 34 183.72 1.0 1.13 1 0
BOB 8259 170 100 51.03 0.83 1.13 1.0 0.0
BOB 8261 106 141 55.18 0.62 1.13 2.0 1.0
BOB 8284 4 127 138.37 0.79 1.13 1 0
BOB 8368 11 119 200 0.59 1.13 0 2.0
BOB 8374 183 56 73.52 0.78 1.13 0.0 0
BOB 7220 199 25 16.01 0.66 1.12 0 1
BOB 7452 113 114 55.59 0.68 1.12 0.0 0
BOB 7750 83 50 41.7 0.99 1.12 1 0
BOB 7920 90 180 85.92 0.68 1.12 0 2.0
BOB 8213 101 158 92.95 0.76 1.12 0 1
BOB 8250 122 178 1.75 1.1 1.12 1 1
BOB 8373 67 14 71.44 0.65 1.12 1.0 0
BOB 5681 174 130 88.71 0.8 1.11 0 1
BOB 7557 126 69 158.42 0.78 1.11 1.0 1
BOB 8281 154 115 129.59 0.79 1.11 1 2
BOB 8350 68 18 103.25 0.6 1.11 0 0
BOB 8369 179 199 118.64 0.7 1.11 1 1.0
BOB 7890 161 39 50.2 0.95 1.1 1.0 0.0
BOB 8058 45 96 90.48 0.53 1.1 0 0
BOB 8231 29 165 114.12 0.86 1.1 0 2.0
BOB 8239 91 180 132.84 0.6 1.1 2.0 0
BOB 8337 98 195 89.69 0.68 1.1 0 1
BOB 8351 182 35 97.19 0.8 1.1 0 0
BOB 6798 120 141 37.2 0.67 1.09 0.0 0.0
BOB 7702 177 132 58.47 0.68 1.09 0.0 0.0
BOB 7970 125 196 55.4 0.93 1.09 0 1.0
BOB 8022 169 23 45.54 0.74 1.09 0.0 1.0
BOB 8038 130 198 41.46 0.62 1.09 0 2.0
BOB 8100 131 161 158.5 0.76 1.09 2.0 0
BOB 8119 152 116 16.16 0.85 1.09 1 1
BOB 8179 178 122 82.7 0.94 1.09 1.0 0
BOB 8223 78 152 155.22 0.71 1.09 0 0
BOB 8228 48 159 34.54 0.84 1.09 1.0 0
BOB 8232 197 185 35.15 0.76 1.09 0.0 1.0
BOB 7443 73 156 53.09 0.78 1.08 0 0
BOB 7614 31 21 126.02 0.81 1.08 0.0 1.0
BOB 7675 25 117 98.4 0.8 1.08 0 1
BOB 7685 142 128 11.4 0.77 1.08 0 0
BOB 7923 21 103 100.65 0.88 1.08 0 0
BOB 7924 135 174 83.43 0.84 1.08 0 2.0
BOB 8015 110 94 88.7 0.75 1.08 0 0
BOB 8069 69 14 138.12 0.68 1.08 0 1
BOB 8143 39 149 15.13 0.76 1.08 0.0 2.0
BOB 8183 25 79 25.54 0.81 1.08 1 0
BOB 8199 106 114 123.18 0.75 1.08 0 0.0
BOB 8268 73 163 23.14 0.68 1.08 0 0
BOB 8353 74 115 49.11 0.59 1.08 0 1.0
BOB 7330 138 157 44.7 0.72 1.07 1.0 0
BOB 7648 73 126 96.7 0.74 1.07 0 1.0
BOB 7707 42 91 165.2 0.52 1.07 1.0 0
BOB 7901 107 82 148.36 0.72 1.07 1 2.0
BOB 7927 170 167 58.82 0.82 1.07 0.0 0
BOB 7957 114 139 61.84 0.66 1.07 0 0
BOB 8087 180 121 94.14 0.65 1.07 2.0 0
BOB 8198 170 102 108.0 0.74 1.07 1.0 0.0
BOB 8205 110 99 95.12 0.86 1.07 0 0
BOB 8383 109 151 56.07 0.67 1.07 1.0 0
BOB 7039 141 166 168.84 0.7 1.06 0 0.0
BOB 7268 63 12 39.74 0.66 1.06 2.0 0.0
BOB 7343 181 86 31.24 1.13 1.06 1.0 0
BOB 7583 94 71 5.04 0.68 1.06 0 1.0
BOB 7798 16 32 43.32 1.22 1.06 0 0
BOB 7824 17 52 53.7 0.87 1.06 1.0 0
BOB 7859 89 2 130.0 0.67 1.06 0 0
BOB 7882 99 191 172.62 0.65 1.06 0.0 0
BOB 7983 26 149 72.07 0.82 1.06 0 2.0
BOB 8046 69 128 54.55 0.8 1.06 0 1.0
BOB 8089 68 182 61.76 0.85 1.06 1.0 0
BOB 8127 31 8 114.24 0.67 1.06 0 1
BOB 8157 30 186 127.4 0.82 1.06 1.0 1.0
BOB 8165 117 65 88.26 0.73 1.06 1 1.0
BOB 8191 181 57 42.35 0.76 1.06 0.0 0
BOB 8241 190 150 84.39 0.98 1.06 3 0
BOB 8298 117 116 35.6 0.62 1.06 0 1
BOB 8322 112 93 38.52 0.73 1.06 0 0
BOB 8335 174 18 32.32 0.85 1.06 0 2
BOB 8339 101 130 54.47 0.82 1.06 1.0 0.0
BOB 8393 121 170 119.99 0.75 1.06 2 1
BOB 7558 21 119 50.98 0.84 1.05 0 0
BOB 7813 7 125 28.88 0.87 1.05 0 0
BOB 7996 59 1 152.3 0.83 1.05 0 1
BOB 8016 91 29 39.3 0.93 1.05 1.0 0
BOB 8123 179 199 39.2 0.62 1.05 1 1.0
BOB 8167 128 106 31.06 0.7 1.05 1.0 0.0
BOB 8218 13 42 0 1.28 1.05 0 0
BOB 8229 105 142 104.37 0.7 1.05 1.0 1.0
BOB 8306 85 45 26.15 1.08 1.05 1 1
BOB 8354 163 98 58.22 0.82 1.05 0 0
BOB 8357 127 74 136.47 0.75 1.05 0 2
BOB 8398 119 144 105.58 0.49 1.05 1.0 2.0
BOB 6337 45 143 181.17 0.84 1.04 0 1
BOB 7624 88 199 118.24 0.56 1.04 0.0 0
BOB 7676 141 144 93.25 0.88 1.04 0 0
BOB 7865 156 17 66.74 0.67 1.04 0 0
BOB 7869 40 72 88.07 0.94 1.04 1.0 2.0
BOB 7944 60 187 3.02 0.58 1.04 0 1
BOB 7965 84 156 8.75 0.69 1.04 0 0
BOB 8032 32 77 90.0 0.74 1.04 1 0
BOB 8096 118 193 107.8 0.91 1.04 0 3.0
BOB 8327 58 126 76.15 0.79 1.04 0 2.0
BOB 8349 89 188 35.72 1.1 1.04 0 0
BOB 8359 114 61 37.46 0.68 1.04 2 0
BOB 8370 191 57 111.1 0.85 1.04 0 1
BOB 8375 58 97 82.82 0.75 1.04 0 1.0
BOB 5945 191 78 0 0.75 1.03 0 0
BOB 7475 29 48 162.75 0.74 1.03 1.0 1
BOB 7712 122 154 128.5 0.7 1.03 1.0 1.0
BOB 7833 61 24 131.01 0.69 1.03 0 0
BOB 7836 122 188 103.99 1.01 1.03 0 0
BOB 7953 120 168 45.4 0.68 1.03 1 0
BOB 7972 190 198 50 0.73 1.03 0.0 0.0
BOB 8112 189 32 94.26 0.73 1.03 1.0 0
BOB 8227 188 123 81.78 0.6 1.03 3.0 1
BOB 8299 132 198 32.56 0.65 1.03 1 1.0
BOB 6001 23 182 37.86 0.73 1.02 1 0
BOB 7445 199 79 46.48 0.85 1.02 0 0
BOB 7674 132 113 118.45 0.82 1.02 0 1
BOB 7799 58 96 42.62 0.79 1.02 0 0.0
BOB 8040 184 32 38.96 0.88 1.02 0 0
BOB 8075 21 69 0 0.69 1.02 0 1.0
BOB 8088 195 56 40.7 0.89 1.02 0 0
BOB 8178 65 25 79.85 0.72 1.02 2.0 0
BOB 8187 68 185 116.91 0.74 1.02 0 1
BOB 8214 98 184 125.94 0.58 1.02 0 1
BOB 8224 127 36 120.5 0.77 1.02 0 0.0
BOB 8236 135 108 2.96 0.75 1.02 1 0
BOB 8308 157 199 56.08 0.56 1.02 0 0
BOB 8330 91 180 82.8 0.63 1.02 0 1
BOB 8344 55 112 155.62 0.82 1.02 0 2
BOB 8384 125 84 128.1 0.69 1.02 1 1
BOB 6990 39 31 1.76 0.71 1.01 0 0
BOB 7142 98 193 40.77 0.7 1.01 0 0
BOB 7169 190 111 68.22 1.03 1.01 0 2
BOB 7527 199 32 113.32 1.02 1.01 1 1.0
BOB 7638 87 180 111.93 0.6 1.01 1.0 0
BOB 7754 121 144 46.04 0.58 1.01 1.0 1.0
BOB 7966 54 27 132.7 0.8 1.01 1.0 0
BOB 8093 105 175 4.35 0.62 1.01 1 0
BOB 8181 186 156 0.55 0.93 1.01 1 0
BOB 8289 177 110 50.24 0.76 1.01 0 1.0
BOB 8307 129 154 34.7 0.61 1.01 0 2.0
BOB 8310 193 188 61.48 0.67 1.01 1.0 0
BOB 8352 107 161 71.48 0.59 1.01 0 0
BOB 8361 47 108 61.08 0.73 1.01 0 2
BOB 5903 23 191 13.04 0.62 1 0.0 1.0
BOB 5931 40 30 11.12 0.81 1 0.0 0.0
BOB 6408 66 174 53.95 0.71 1 0.0 0.0
BOB 6540 173 105 35.38 0.66 1 1.0 0.0
BOB 6784 61 188 40.5 0.75 1.0 0 0
BOB 6887 175 59 159.03 0.71 1 0.0 0.0
BOB 7051 100 130 40.51 0.73 1 0.0 0.0
BOB 7081 26 94 0 0.64 1 0.0 0.0
BOB 7287 135 34 4.95 0.85 1 0.0 0.0
BOB 7297 151 103 147.76 0.8 1.0 2 0
BOB 7337 38 148 123.21 0.69 1 0.0 1.0
BOB 7352 109 158 39.44 0.68 1 1.0 0.0
BOB 7397 51 153 0 0.81 1 0.0 1.0
BOB 7400 139 185 149.95 0.87 1 0.0 0.0
BOB 7426 159 196 41.0 0.6 1.0 0 0.0
BOB 7512 153 179 103.0 0.7 1 0.0 1.0
BOB 7525 32 188 29.6 1.04 1 0.0 0.0
BOB 7539 138 8 65.34 1.11 1 0.0 0.0
BOB 7576 160 33 62.31 0.79 1 0.0 0.0
BOB 7586 29 80 108.22 0.69 1 0.5 0.0
BOB 7588 6 143 123.44 0.73 1 1.0 1.0
BOB 7598 61 71 165.74 0.88 1 0.0 0.0
BOB 7599 159 30 103.72 0.72 1 1.0 0.0
BOB 7645 3 161 103.77 0.69 1 0.0 0.0
BOB 7662 30 164 49.86 0.83 1 0.0 1.0
BOB 7696 150 59 89.5 1.0 1 0.0 0.0
BOB 7708 152 137 126.53 0.63 1 1.0 0.0
BOB 7742 64 58 185.11 1.11 1 0.0 0.0
BOB 7745 178 74 61.24 0.92 1 0.0 0.0
BOB 7747 126 61 86.37 0.81 1.0 0 1.0
BOB 7759 80 106 39.56 0.67 1 1.0 0.0
BOB 7778 159 79 91.44 0.59 1 0.0 0.0
BOB 7781 152 64 100.12 0.86 1 0.0 0.0
BOB 7785 59 129 33.9 0.75 1 1.0 1.0
BOB 7811 144 171 9.01 0.79 1 0.0 1.0
BOB 7851 139 144 0 0.74 1 0.0 1.0
BOB 7877 34 169 180.68 0.76 1 0.0 0.0
BOB 7883 70 21 78.92 0.79 1 0.0 0.0
BOB 7899 6 64 43.44 0.83 1 0.0 1.0
BOB 7903 51 163 50 0.64 1 0.0 1.0
BOB 7912 2 101 23.88 0.99 1 1.0 0.0
BOB 7916 15 57 0.7 0.82 1 0.5 0.5
BOB 7921 16 134 146.7 0.85 1 1.0 0.0
BOB 7926 84 117 107.3 0.8 1 1.0 0.0
BOB 7928 109 152 43.91 0.67 1 1.0 0.0
BOB 7980 36 167 124.76 0.66 1 0.0 0.0
BOB 7984 39 148 39.26 1.01 1 1.0 1.0
BOB 7997 26 91 0 1.05 1 0.0 0.0
BOB 8013 170 84 55.52 0.89 1 1.0 1.0
BOB 8044 165 88 72.12 0.73 1 0.0 0.0
BOB 8064 61 109 70.19 0.77 1 0.0 0.0
BOB 8067 9 177 170.24 1.0 1.0 0 1
BOB 8080 63 8 42.65 0.83 1.0 0 1.0
BOB 8086 16 72 95.36 0.89 1 1.0 0.0
BOB 8095 165 78 110.76 0.77 1 1.0 0.0
BOB 8103 172 44 89.12 0.86 1 1.0 1.0
BOB 8105 92 147 46.45 1.01 1 1.0 0.0
BOB 8111 97 181 116.0 0.8 1 0.0 1.0
BOB 8125 97 13 10.21 0.83 1 2.0 0.0
BOB 8136 16 27 59.08 0.62 1 0.0 0.0
BOB 8138 22 65 20.14 0.81 1 0.0 2.0
BOB 8166 140 161 139.52 0.76 1 1.0 0.0
BOB 8169 28 41 27.39 0.78 1.0 0 0.0
BOB 8180 141 129 42.05 0.75 1 0.0 1.0
BOB 8203 147 54 132.74 0.98 1 0.0 1.0
BOB 8212 4 46 132.72 0.88 1.0 1.0 0
BOB 8215 106 164 37.3 0.94 1 1.0 0.0
BOB 8217 176 10 31.42 0.87 1 2.0 0.0
BOB 8233 130 127 162.0 0.76 1 0.0 0.0
BOB 8243 177 170 56.76 0.74 1 1.0 0.0
BOB 8249 29 78 36.44 0.91 1 1.0 2.0
BOB 8257 118 113 52.85 1.15 1 0.0 0.0
BOB 8273 82 130 157.44 0.93 1 1.0 1.0
BOB 8278 186 94 168.41 0.77 1 0.0 2.0
BOB 8283 158 108 76.9 0.85 1 1.0 0.0
BOB 8287 44 42 77.32 0.66 1 2.0 1.0
BOB 8302 28 162 82.24 0.91 1 1.0 0.0
BOB 8338 91 87 82.71 0.73 1 1.0 2.0
BOB 8341 139 126 87.78 0.94 1 0.0 0.0
BOB 8362 155 168 89.22 0.78 1 0.0 1.0
BOB 8396 29 145 96.0 0.8 1 0.0 0.0
BOB 8399 125 41 95.72 0.87 1 1.0 0.0
BOB 8406 189 168 99.36 0.64 1 0.0 0.0
BOB 7282 179 156 13.45 0.83 0.99 0 0
BOB 7319 152 135 32.24 0.65 0.99 0 0.0
BOB 7739 124 86 43.78 0.73 0.99 0 1
BOB 7757 168 118 84.09 0.87 0.99 1.0 0
BOB 7810 72 179 152.83 0.6 0.99 0 0
BOB 8060 132 142 35.84 0.63 0.99 1.0 1.0
BOB 8072 181 162 89.84 0.9 0.99 2 0
BOB 8079 95 131 78.9 1.08 0.99 1 0
BOB 8104 136 121 10.89 0.68 0.99 0 0
BOB 8141 198 188 38.75 0.77 0.99 0.0 0.0
BOB 8146 88 44 97.48 0.81 0.99 1.0 0
BOB 8196 135 178 88.31 0.89 0.99 0.0 1.0
BOB 8235 171 124 5.62 0.72 0.99 1.0 0
BOB 8252 64 169 23.04 0.64 0.99 0.0 0
BOB 8271 41 54 59.22 0.85 0.99 0 1
BOB 8378 139 75 87.68 0.83 0.99 0 1
BOB 8400 33 115 51.42 0.78 0.99 3 1
BOB 7289 1 109 100.09 0.59 0.98 1.0 0.0
BOB 7349 118 61 36.04 0.85 0.98 1 0
BOB 7531 64 43 0.72 0.81 0.98 0 0
BOB 7733 63 196 6.08 0.77 0.98 0.0 0
BOB 7881 51 105 36.5 0.67 0.98 1.0 2
BOB 7999 46 91 61.6 0.82 0.98 0.0 0
BOB 8184 195 91 85.38 0.93 0.98 1 0
BOB 8238 18 176 112.7 0.83 0.98 0 0
BOB 8269 191 143 181.92 0.86 0.98 0 0
BOB 8290 18 150 60.93 0.81 0.98 0 1.0
BOB 8326 31 163 32.46 0.92 0.98 0.0 2.0
BOB 8342 93 150 136.22 0.93 0.98 1.0 0
BOB 8343 99 136 37.86 1.01 0.98 0 0
BOB 8358 107 112 139.8 0.78 0.98 1 0.0
BOB 8389 73 40 103.08 1.14 0.98 0 1
BOB 8405 123 154 48.49 0.74 0.98 2.0 2.0
BOB 6506 122 55 54.32 0.84 0.97 0.0 0
BOB 6973 122 95 2.77 0.78 0.97 1 1
BOB 7027 132 98 9.96 0.68 0.97 0.0 0.0
BOB 7171 23 97 70.39 0.78 0.97 0 0.0
BOB 7439 137 75 42.09 0.88 0.97 0 1
BOB 7444 22 150 42.14 0.75 0.97 1.0 2.0
BOB 7540 12 73 49.43 0.74 0.97 0 0
BOB 7604 197 183 51.91 0.59 0.97 1 1
BOB 7832 192 106 0 0.91 0.97 2.0 0
BOB 7948 106 170 8.21 1.09 0.97 1 0
BOB 7963 153 131 79.68 0.65 0.97 0 0.0
BOB 7994 190 109 135.25 0.93 0.97 2.0 0
BOB 8091 197 81 137.96 1.23 0.97 0 0
BOB 8156 136 149 167.82 0.73 0.97 1.0 2.0
BOB 8185 115 148 113.04 0.66 0.97 0 0
BOB 8193 173 128 23.02 0.66 0.97 1 0
BOB 8219 70 120 191.1 0.74 0.97 1 0
BOB 8293 39 134 68.54 1.3 0.97 1 2
BOB 8309 55 0 39.42 0.77 0.97 0 0
BOB 8312 70 171 80.46 0.69 0.97 0 2
BOB 8364 102 76 139.65 0.9 0.97 1 1.0
BOB 8402 45 48 60.18 0.82 0.97 2 0
BOB 6559 42 128 136.22 0.82 0.96 0 0
BOB 7428 46 195 54.83 0.75 0.96 0 1
BOB 7491 161 98 41.36 0.8 0.96 0 0
BOB 7767 191 120 16.5 0.76 0.96 0 0.0
BOB 7818 192 142 131.32 0.81 0.96 0 0
BOB 8017 90 0 182.54 0.87 0.96 0 0
BOB 8070 85 161 70.84 0.63 0.96 1.0 0
BOB 8158 158 157 151.39 0.86 0.96 0 0
BOB 8240 173 145 126.13 0.83 0.96 1 0
BOB 8323 188 89 129.47 1.2 0.96 1.0 1
BOB 8329 44 47 47.12 0.82 0.96 1 0
BOB 8376 88 112 41.94 0.78 0.96 1.0 0.0
BOB 8385 37 5 98.28 0.61 0.96 1.0 2.0
BOB 6440 190 108 116.71 0.98 0.95 0 0
BOB 6870 98 185 42.02 0.71 0.95 0 1
BOB 7246 188 168 -23.159999999999997 0.64 0.95 0 0
BOB 7842 48 59 21.0 0.8 0.95 1.0 0
BOB 7876 77 187 83.78 0.84 0.95 0.0 0
BOB 7950 172 166 21.39 0.79 0.95 2.0 0
BOB 7969 34 32 109.5 0.72 0.95 0 0.0
BOB 8000 147 104 143.86 1.05 0.95 0 1
BOB 8237 40 34 13.85 0.85 0.95 0 0.0
BOB 8275 142 32 43.57 0.85 0.95 0.0 1
BOB 8286 166 58 132.1 0.73 0.95 0.0 1.0
BOB 8363 55 11 82.88 0.8 0.95 1 0
BOB 5587 98 153 57.42 0.88 0.94 0 0.0
BOB 7127 52 114 143.16 0.97 0.94 0 0
BOB 7354 35 5 44.38 0.7 0.94 0.0 1.0
BOB 7568 129 143 96.9 0.68 0.94 1 1
BOB 7704 48 45 140.79 0.76 0.94 0 0
BOB 7788 172 165 6.39 0.83 0.94 0 0
BOB 7854 72 171 36.84 0.78 0.94 0 1
BOB 8115 142 87 16.48 0.88 0.94 1 0
BOB 8129 111 60 87.78 0.69 0.94 2 3.0
BOB 8279 109 186 28.85 0.67 0.94 0 1
BOB 8325 137 8 36.63 1.12 0.94 0 0.0
BOB 8328 134 142 41.7 0.68 0.94 0 0
BOB 8360 177 72 42.1 0.84 0.94 0 0.0
BOB 8380 42 35 82.2 1.05 0.94 0.0 0
BOB 6989 14 120 30.78 0.79 0.93 1 2
BOB 7422 95 176 39.94 0.6 0.93 1 0
BOB 7425 75 37 43.04 1.11 0.93 0 1
BOB 7494 55 13 142.0 0.87 0.93 0 0
BOB 7516 142 38 125.51 0.94 0.93 0.0 0
BOB 7541 33 112 44.92 0.77 0.93 2 1
BOB 7634 96 145 162.24 0.74 0.93 1.0 0
BOB 7650 33 34 32.54 0.97 0.93 1.0 0.0
BOB 8124 124 134 19.5 0.71 0.93 0 1
BOB 8263 57 117 124.0 0.81 0.93 0 0.0
BOB 8266 104 192 18.32 0.77 0.93 0 1
BOB 8324 59 187 40.53 0.8 0.93 0 0
BOB 3641 141 125 109.37 0.81 0.92 0 0
BOB 6796 13 22 73.35 0.65 0.92 0 0
BOB 6841 89 4 52.03 0.81 0.92 0 1
BOB 7250 72 9 39.2 0.97 0.92 0 0
BOB 7288 45 87 44.2 0.9 0.92 1.0 1.0
BOB 7385 52 111 39.1 0.77 0.92 0 1
BOB 7687 188 108 48.92 0.87 0.92 0 0.0
BOB 7709 62 66 164.86 1.09 0.92 0 0
BOB 7885 110 69 21.5 0.71 0.92 1 2.0
BOB 7987 37 35 140.12 0.67 0.92 1 1
BOB 7998 41 35 41.12 1.08 0.92 0.0 1.0
BOB 8047 19 97 83.13 0.75 0.92 0 0
BOB 8155 186 43 146.21 0.79 0.92 1 0
BOB 8172 154 167 115.01 0.67 0.92 0.0 0
BOB 8186 78 15 107.9 0.85 0.92 0.0 0.0
BOB 8208 12 10 159.09 0.62 0.92 0 0
BOB 8264 2 183 175.4 0.87 0.92 0 0
BOB 8276 157 153 50 0.77 0.92 0 0
BOB 8300 170 85 36.28 0.8 0.92 0.0 1.0
BOB 8340 73 19 38.62 0.82 0.92 1.0 0
BOB 6388 149 126 99.05 0.78 0.91 0 0
BOB 6889 148 164 85.7 0.6 0.91 0 1.0
BOB 7323 10 146 104.06 0.89 0.91 0 1.0
BOB 7566 198 133 41.12 0.57 0.91 0 0
BOB 7592 141 61 22.96 0.94 0.91 1.0 1.0
BOB 7665 142 173 81.98 0.72 0.91 0 0
BOB 7844 30 60 155.94 0.99 0.91 1.0 1
BOB 7864 56 144 130.96 0.81 0.91 0 2.0
BOB 7892 138 66 99.22 0.92 0.91 0 1
BOB 7976 97 76 61.56 1.02 0.91 1 1
BOB 7988 190 157 142.32 0.8 0.91 2 1
BOB 8031 98 199 82.0 0.76 0.91 0 0
BOB 8061 61 171 48.84 0.68 0.91 1.0 1.0
BOB 8071 41 152 14.74 0.8 0.91 0 1.0
BOB 8078 153 196 109.57 0.76 0.91 0 0
BOB 8149 162 125 106.88 0.82 0.91 0 0
BOB 8251 178 150 110.93 0.88 0.91 1 0
BOB 8311 47 132 36.9 0.84 0.91 1 0
BOB 8345 172 136 63.58 0.68 0.91 1 0
BOB 8366 165 124 95.52 0.81 0.91 1 1
BOB 7184 3 11 9.3 0.66 0.9 0 1
BOB 7762 103 77 138.1 0.86 0.9 0 2.0
BOB 7814 150 67 158.58 0.97 0.9 1 1
BOB 7815 44 151 58.92 0.84 0.9 1 0
BOB 7911 15 157 65.36 0.72 0.9 0 0.0
BOB 8255 39 76 104.43 0.88 0.9 0 2.0
BOB 8280 148 158 70.52 0.67 0.9 1 2.0
BOB 8301 11 45 38.92 0.89 0.9 0 0
BOB 8390 42 87 144.4 0.96 0.9 0 1.0
BOB 8395 138 97 81.11 1.07 0.9 0 0
BOB 3821 133 121 41.02 0.72 0.89 0 0
BOB 4793 40 147 30.3 1.29 0.89 0 1
BOB 6466 163 81 89.47 0.67 0.89 1 0
BOB 7126 44 92 18.66 0.73 0.89 0 1.0
BOB 7234 148 25 112.22 0.89 0.89 0 0
BOB 7312 188 145 26.4 0.91 0.89 0 0
BOB 7990 50 174 6.05 0.82 0.89 0 1
BOB 8002 147 108 108.45 0.8 0.89 1 0
BOB 8026 39 21 53.9 0.87 0.89 0 0
BOB 8148 55 171 10.09 0.8 0.89 0 0
BOB 8161 165 135 150.42 0.74 0.89 0 0
BOB 8225 16 66 21.15 0.7 0.89 0 0
BOB 8277 108 75 122.65 0.69 0.89 1 1.0
BOB 8291 20 123 123.0 0.76 0.89 2 3
BOB 8313 37 18 34.03 0.87 0.89 1 1
BOB 8331 138 109 96.13 0.85 0.89 1 0
BOB 8332 92 87 68.71 0.75 0.89 0 1
BOB 5686 147 78 55.52 0.75 0.88 1 0
BOB 6954 186 78 166.32 0.8 0.88 0 0
BOB 7024 173 145 21.36 0.57 0.88 0 0
BOB 7302 129 68 104.4 1.01 0.88 0 1
BOB 7447 105 178 94.94 0.63 0.88 0 1
BOB 7713 159 43 143.22 1.02 0.88 0 0
BOB 7843 133 109 41.32 0.82 0.88 0 0
BOB 7853 140 73 192.46 0.96 0.88 0 0
BOB 7856 67 169 5.78 0.9 0.88 1 1
BOB 8130 180 98 49.24 0.75 0.88 1 0
BOB 8150 1 175 19.44 0.8 0.88 0 1
BOB 8159 192 115 73.36 0.53 0.88 0 0
BOB 8182 95 21 148.34 0.83 0.88 1 0
BOB 8207 106 148 5.9 0.78 0.88 1 0
BOB 8256 60 30 54.82 1.1 0.88 0 1
BOB 8267 21 141 55.3 0.86 0.88 1 2.0
BOB 8303 135 119 141.72 0.67 0.88 0 0
BOB 8379 82 187 43.0 0.91 0.88 0 1
BOB 8388 22 147 43.9 0.83 0.88 1.0 1.0
BOB 6384 177 137 43.02 0.72 0.87 0 0
BOB 7090 101 69 88.84 1.08 0.87 0 1
BOB 7692 91 159 44.4 0.79 0.87 0 0
BOB 7940 184 132 21.52 0.63 0.87 0 0
BOB 2878 94 172 184.01 0.8 0.86 0 0
BOB 5370 55 174 52.94 0.84 0.86 0 0
BOB 6260 60 177 112.65 0.75 0.86 0 0
BOB 7194 149 182 97.95 0.71 0.86 0 0
BOB 7381 176 114 11.05 0.61 0.86 0 0
BOB 7862 167 122 43.15 0.88 0.86 0 0
BOB 7866 154 192 33.1 0.59 0.86 1 1
BOB 7893 153 137 13.02 0.78 0.86 0 0
BOB 8049 144 30 174.61 0.99 0.86 0.0 0
BOB 8202 1 55 49.36 0.78 0.86 1 2
BOB 8292 149 159 34.7 0.68 0.86 0 2.0
BOB 8317 155 30 54.46 0.82 0.86 1 0
BOB 8365 182 84 141.4 0.81 0.86 0 1
BOB 4443 110 178 68.36 0.84 0.85 0 0
BOB 5974 14 197 130.95 0.76 0.85 1 1
BOB 6992 99 78 9.9 0.97 0.85 0 0
BOB 7485 4 47 134.72 0.91 0.85 0 0
BOB 7930 22 2 175.8 0.69 0.85 1.0 1.0
BOB 7937 56 35 159.06 1.19 0.85 1 0
BOB 8001 110 134 59.2 0.8 0.85 0 0
BOB 8108 1 2 74.94 0.66 0.85 0 2
BOB 8262 191 43 121.71 0.74 0.85 1 0
BOB 8316 4 15 70.92 0.73 0.85 1 1
BOB 7470 129 192 95.58 0.88 0.84 0 1
BOB 7779 146 10 122.24 0.89 0.84 0.0 1
BOB 7935 199 8 63.75 1.18 0.84 1 0
BOB 7939 79 188 146.36 0.82 0.84 1 0
BOB 8018 117 155 74.42 0.66 0.84 0 1
BOB 8033 0 177 84.25 0.87 0.84 1 3.0
BOB 8113 98 18 116.38 0.8 0.84 0 0
BOB 8371 172 97 45.16 0.68 0.84 0 0
BOB 6359 53 69 149.8 0.88 0.83 0 0
BOB 7827 39 10 72.5 0.87 0.83 0 1
BOB 7891 86 22 52.97 0.85 0.83 0 0
BOB 7964 2 21 40.1 0.65 0.83 0 1
BOB 8056 154 32 35.33 0.86 0.83 2 0
BOB 8102 12 2 138.0 0.66 0.83 2.0 2.0
BOB 8188 93 178 9.47 0.68 0.83 0 1
BOB 8201 47 141 94.94 0.84 0.83 0 2.0
BOB 8314 191 121 43.82 0.57 0.83 0 0
BOB 8346 88 25 37.1 0.9 0.83 1 1
BOB 7717 170 73 77.31 1.06 0.82 0 2
BOB 8055 114 197 68.14 0.86 0.82 0 1
BOB 8065 0 190 4.5 0.75 0.82 0 1
BOB 8248 153 194 15.42 0.5 0.82 1 1
BOB 8386 14 19 45.1 0.75 0.82 0 1
BOB 8391 61 177 147.0 0.74 0.82 0 0
BOB 8392 84 101 63.16 0.74 0.82 1 0
BOB 4588 119 82 64.45 0.93 0.81 0 0
BOB 5593 196 16 128.98 1.18 0.81 1 0
BOB 6917 117 104 50 0.91 0.81 1 0
BOB 7266 188 167 100.1 0.96 0.81 0 1
BOB 7431 37 57 101.46 0.83 0.81 0 0
BOB 7879 92 91 43.0 0.76 0.81 0 0
BOB 8024 140 96 46.86 1.01 0.81 0 0
BOB 6825 75 193 126.08 0.72 0.8 0 1
BOB 8162 10 14 61.29 0.61 0.8 0 1
BOB 8242 172 94 21.54 0.59 0.8 0 1
BOB 8294 22 141 130.91 0.83 0.8 2 1.0
BOB 8304 71 105 66.2 0.97 0.8 2 1
BOB 6551 72 106 37.72 0.95 0.79 1 0
BOB 7378 15 53 110.1 0.8 0.79 0 1
BOB 7495 0 67 118.3 0.84 0.79 1 1
BOB 8315 99 69 37.46 1.08 0.79 1 0
BOB 8394 40 8 45.46 0.82 0.79 0 2
BOB 7157 136 190 30.24 0.75 0.78 0 0
BOB 7292 52 121 113.46 0.86 0.78 2 0
BOB 8347 121 106 142.4 1.01 0.78 0 0
BOB 8355 63 41 139.62 1.19 0.78 0 1
BOB 6807 9 18 124.48 0.81 0.77 0 0
BOB 7989 93 89 59.64 1.05 0.77 0 1
BOB 8387 109 132 46.75 0.76 0.77 0 0
BOB 7159 162 67 191.35 0.88 0.76 0 0
BOB 8118 0 195 101.32 0.66 0.76 1 0
BOB 8282 11 11 32.53 0.54 0.76 0 2
BOB 8318 56 122 136.17 0.92 0.76 1 1
BOB 8295 191 1 60.36 1.1 0.75 2 1
BOB 8381 169 74 141.9 1.15 0.75 1 1
BOB 7160 13 79 101.09 0.72 0.74 0 0
BOB 7236 159 44 46.16 0.98 0.74 1 0
BOB 8272 130 89 126.22 1.02 0.74 1 0
BOB 8189 149 31 95.12 0.97 0.73 1 1
BOB 3717 20 72 27.94 0.79 0.72 0 0
BOB 6672 144 21 9.15 1.06 0.72 0 0
BOB 7510 22 78 35.72 0.86 0.72 0 1
BOB 7585 0 62 58.01 0.79 0.72 0 0
BOB 8099 154 48 111.22 0.79 0.72 2 0
BOB 8114 84 101 47.36 0.79 0.72 0 0
BOB 8305 17 158 167.07 0.8 0.72 0 2
BOB 8320 10 102 159.72 0.62 0.72 0 0
BOB 7096 22 71 17.6 0.72 0.71 0 1
BOB 7179 15 130 134.4 0.77 0.71 0 0
BOB 7498 3 104 45.3 0.69 0.71 1 0
BOB 7718 145 4 68.85 1.06 0.71 0 0
BOB 7794 0 33 162.42 0.8 0.71 1 0
BOB 8004 142 182 5.5 0.69 0.71 0 0
BOB 8005 17 80 21.74 0.78 0.71 1 0
BOB 8226 79 196 121.3 0.63 0.71 0 1
BOB 8377 1 108 46.4 0.7 0.71 0 0
BOB 5763 122 14 72.1 1.1 0.7 0 1
BOB 6866 94 199 168.08 0.77 0.7 1 0
BOB 8076 24 34 92.3 0.82 0.7 2 1
BOB 8151 157 67 48.0 1.04 0.7 1 1
BOB 8334 87 51 154.92 1.06 0.7 2 1
BOB 6737 159 75 19.26 0.97 0.69 0 0
BOB 6762 8 104 144.1 0.71 0.69 0 0
BOB 7098 98 176 49.45 0.82 0.69 0 0
BOB 7410 32 68 44.81 0.78 0.69 0 1
BOB 8216 122 41 39.98 1.22 0.69 2 0
BOB 7138 172 58 40.45 0.94 0.68 1 1
BOB 7238 10 64 141.25 0.76 0.68 0 1
BOB 8120 35 143 40.24 0.83 0.68 0 0
BOB 5733 21 91 132.85 0.77 0.67 0 1
BOB 6069 86 52 90.9 1.12 0.67 1 0
BOB 6875 121 41 40.4 1.14 0.67 0 0
BOB 6891 6 73 101.8 0.8 0.67 0 0
BOB 7894 33 81 87.81 0.95 0.67 1 2
BOB 7956 29 64 178.24 0.83 0.67 0 1
BOB 6854 34 133 53.24 0.87 0.66 0 0
BOB 8164 9 74 140.01 0.67 0.66 0 0
BOB 8194 29 76 26.35 0.8 0.66 0 0
BOB 8333 31 71 41.28 0.88 0.66 0 1
BOB 8372 117 57 122.21 1.26 0.66 2 1
BOB 8401 87 50 47.2 1.15 0.66 0 1
BOB 6665 135 23 152.01 1.02 0.65 0 1
BOB 7091 193 8 35.36 1.03 0.65 2 0
BOB 7908 44 68 66.07 0.69 0.65 1 0
BOB 8019 17 150 40.1 0.88 0.65 0 1
BOB 8098 168 38 42.28 0.81 0.65 3 1
BOB 8116 138 9 112.1 1.1 0.64 0 0
BOB 8209 18 132 17.28 0.78 0.64 1 0
BOB 8260 77 194 28.0 0.64 0.64 1 0
BOB 8348 0 61 44.78 0.83 0.64 0 0
BOB 7695 118 57 43.0 1.26 0.63 1 0
BOB 7848 1 86 26.0 0.76 0.63 0 0
BOB 7917 33 135 6.16 0.82 0.63 0 1
BOB 8132 127 40 112.18 1.21 0.63 1 0
BOB 8163 104 175 0 0.89 0.63 1 1
BOB 8319 83 195 38.75 0.64 0.63 0 2
BOB 5767 166 78 36.4 0.92 0.62 0 0
BOB 6622 4 150 23.98 0.89 0.62 1 0
BOB 7119 113 37 145.81 1.28 0.62 0 0
BOB 8029 29 157 98.09 1.04 0.62 1 0
BOB 6793 44 2 174.92 0.86 0.61 1 0
BOB 7460 153 24 118.7 1.22 0.61 1 1
BOB 8131 133 9 21.01 1.06 0.61 0 0
BOB 8220 183 64 36.54 0.9 0.61 2 2
BOB 7449 11 157 155.55 0.93 0.6 0 0
BOB 7830 40 128 32.04 0.88 0.6 0 0
BOB 8253 119 18 180.92 1.16 0.6 0 0
BOB 8133 29 145 112.07 0.78 0.59 1 0
BOB 8190 21 68 15.0 0.87 0.59 1 0
BOB 8204 21 84 7.61 0.69 0.58 0 2
BOB 8234 127 24 10.32 0.99 0.56 0 2
BOB 8221 8 148 119.16 0.88 0.54 0 1
BOB 8296 180 61 26.66 0.97 0.52 2 3
BOB 8285 112 18 36.69 1.2 0.51 0 1
NEW_BORN 8407 190 198 50 0.8 0.98 1.0 0.0
NEW_BORN 8408 51 163 50 0.58 0.99 1.0 1.0
NEW_BORN 8409 157 153 50 0.77 0.91 1 1
NEW_BORN 8410 117 104 50 0.9 0.84 0 0
FOOD 0 74 100
FOOD 0 95 100
FOOD 2 92 100
FOOD 3 121 100
FOOD 4 73 100
FOOD 4 137 100
FOOD 4 165 100
FOOD 5 35 100
FOOD 6 139 100
FOOD 10 101 100
FOOD 11 119 38.5
FOOD 12 120 100
FOOD 15 183 100
FOOD 17 183 100
FOOD 18 46 100
FOOD 19 43 100
FOOD 21 26 100
FOOD 21 49 100
FOOD 24 12 100
FOOD 24 156 100
FOOD 25 186 100
FOOD 25 190 100
FOOD 26 176 100
FOOD 26 191 100
FOOD 27 141 100
FOOD 27 178 100
FOOD 28 177 100
FOOD 29 29 100
FOOD 32 17 100
FOOD 35 88 100
FOOD 35 120 100
FOOD 35 178 100
FOOD 36 103 100
FOOD 37 194 100
FOOD 43 118 100
FOOD 47 9 100
FOOD 49 22 100
FOOD 49 195 100
FOOD 51 95 100
FOOD 51 163 24.980000000000004
FOOD 51 192 100
FOOD 52 199 100
FOOD 53 45 100
FOOD 55 42 100
FOOD 55 65 100
FOOD 55 77 100
FOOD 55 136 100
FOOD 56 101 100
FOOD 58 78 100
FOOD 63 80 100
FOOD 64 85 100
FOOD 64 190 100
FOOD 66 68 100
FOOD 66 87 100
FOOD 66 114 100
FOOD 66 137 100
FOOD 67 149 100
FOOD 68 101 100
FOOD 68 138 100
FOOD 68 141 100
FOOD 68 190 100
FOOD 69 71 100
FOOD 70 148 100
FOOD 71 1 100
FOOD 71 95 100
FOOD 73 80 100
FOOD 73 81 100
FOOD 73 85 100
FOOD 76 146 100
FOOD 78 80 100
FOOD 79 80 100
FOOD 79 86 100
FOOD 80 24 100
FOOD 80 132 100
FOOD 82 90 100
FOOD 83 101 100
FOOD 84 149 100
FOOD 86 66 100
FOOD 86 181 100
FOOD 87 18 100
FOOD 88 110 100
FOOD 92 49 100
FOOD 92 61 100
FOOD 95 56 100
FOOD 98 47 100
FOOD 99 167 100
FOOD 100 8 100
FOOD 100 28 100
FOOD 100 62 100
FOOD 103 91 100
FOOD 104 125 100
FOOD 107 62 100
FOOD 110 6 100
FOOD 110 9 100
FOOD 110 79 100
FOOD 113 81 100
FOOD 113 127 100
FOOD 117 30 100
FOOD 117 104 55.69999999999999
FOOD 118 93 100
FOOD 120 158 100
FOOD 121 7 100
FOOD 127 61 100
FOOD 127 124 100
FOOD 130 74 100
FOOD 130 161 100
FOOD 132 59 100
FOOD 133 79 100
FOOD 136 19 100
FOOD 138 42 100
FOOD 139 68 100
FOOD 141 51 100
FOOD 141 195 100
FOOD 142 190 100
FOOD 143 188 100
FOOD 146 13 100
FOOD 146 104 100
FOOD 146 140 100
FOOD 146 192 100
FOOD 151 4 100
FOOD 151 124 100
FOOD 151 148 100
FOOD 152 1 100
FOOD 154 151 100
FOOD 155 157 100
FOOD 155 185 100
FOOD 156 4 100
FOOD 157 90 100
FOOD 157 153 31.599999999999994
FOOD 160 52 100
FOOD 160 145 100
FOOD 161 10 100
FOOD 161 149 100
FOOD 162 12 100
FOOD 162 144 100
FOOD 164 51 100
FOOD 165 109 100
FOOD 165 176 100
FOOD 166 143 100
FOOD 167 196 100
FOOD 170 141 100
FOOD 172 1 100
FOOD 172 23 100
FOOD 173 5 100
FOOD 174 38 100
FOOD 174 188 100
FOOD 177 191 100
FOOD 179 90 100
FOOD 180 92 100
FOOD 181 185 100
FOOD 182 5 100
FOOD 184 27 100
FOOD 184 101 100
FOOD 185 184 100
FOOD 186 182 100
FOOD 187 7 100
FOOD 187 135 100
FOOD 188 9 100
FOOD 188 75 100
FOOD 189 18 100
FOOD 190 49 100
FOOD 190 53 100
FOOD 190 198 81.68
FOOD 192 37 100
FOOD 193 67 100
FOOD 196 171 100
FOOD 197 153 100
FOOD 198 158 100
