SETTING GRID_LENGTH 10
SETTING NB_SPAWN_FOOD 50
SETTING FOOD_ENERGY 100
SETTING BOB_SPAWN_ENERGY 100
SETTING BOB_MAX_ENERGY 200
SETTING BOB_NEWBORN_ENERGY 50
SETTING SEXUAL_BORN_ENERGY 100
SETTING BOB_STATIONARY_ENERGY_LOSS 0.5
SETTING BOB_SELF_REPRODUCTION_ENERGY_LOSS 150
SETTING BOB_SEXUAL_REPRODUCTION_LOSS 100
SETTING BOB_SEXUAL_REPRODUCTION_LEVEL 150
SETTING PERCEPTION_FLAT_PENALTY 0.2
SETTING MEMORY_FLAT_PENALTY 0.2
SETTING DEFAULT_VELOCITY 1.0
SETTING DEFAULT_MASS 1.0
SETTING DEFAULT_VISION 4
SETTING DEFAULT_MEMORY_POINT 0
SETTING MASS_VARIATION 0.1
SETTING VELOCITY_VARIATION 0.1
SETTING VISION_VARIATION 1
SETTING MEMORY_POINT_VARIATION 1
SETTING SELF_REPRODUCTION True
SETTING SEXUAL_REPRODUCTION True
SETTING TICK_PER_DAY 50
GAME NB_BOB 119
GAME NB_BOB_SPAWNED 190
GAME CURRENT_TICK 23
GAME CURRENT_DAY 3
BOB 492 2 2 17.768265680965943 0.8095431892951558 1.3595803024782178 1 0
BOB 502 3 2 16.390149773728897 0.831808846583407 1.3281127595894855 2 0
BOB 490 5 4 59.71663645118106 0.857772021143782 1.294535840481987 2 0
BOB 489 4 7 86.74536615980196 1.038755443199978 1.269924943839076 6 0
BOB 482 0 3 66.98882008891451 0.8754115285775633 1.2327181781664471 1 0
BOB 499 4 5 4.036338740783094 1.005294575502638 1.2103604511076786 7 0
BOB 467 5 8 39.18684969047773 0.9800665275919732 1.2088231733632753 5 0
BOB 508 6 7 6.016999065500244 1.073211716628025 1.1948545319536965 7 0
BOB 493 5 7 140.06195964137999 0.9921674293063584 1.173361151583718 6 0
BOB 477 4 6 52.901454800633665 1.0507520045506125 1.0875478863806298 5 0
BOB 491 4 7 7.2642330558225945 0.8996690651745053 1.0725966672962641 5 0
BOB 503 0 8 68.47220885881055 1.1105411941069432 1.0675340239956346 2 0
BOB 463 9 1 120.6618271028543 0.9153414636077706 1.0607319339899026 3 0
BOB 509 9 4 20.732868395331536 1.0281159148735857 1.0581407238003284 4 0
BOB 261 1 6 91.44284624100996 1.076812160360742 1.0525877821276028 5 0
BOB 500 3 4 9.472584199273918 0.8567475182960242 1.0435649584290139 6 0
BOB 258 2 5 111.68343538082313 0.845131005721448 1.0409862564651582 5 0
BOB 497 7 5 120.24690323954894 1.0641137005693224 1.0396551198483257 3 0
BOB 496 1 9 20.608820516555745 1.0703609305662076 1.0351384584079955 2 0
BOB 494 7 2 53.66768712378501 0.9120317367204751 1.0330504291418892 6 0
BOB 474 7 7 115.03680176548684 1.0234186390646305 1.016109962531886 5 0
BOB 208 2 8 80.40000000000016 1.0 1.0 4 0
BOB 212 5 6 112.19999999999989 1.0 1.0 4 0
BOB 321 4 1 39.18839614017175 0.9040542246798166 0.9900571926355405 5 0
BOB 506 6 7 24.096561994919835 1.0460143360333145 0.9869855365394308 3 0
BOB 504 8 2 49.734258945129376 0.9815489300488487 0.9802161046632973 2 0
BOB 475 6 7 74.25222188236104 1.0210049225838669 0.9789006872667789 5 0
BOB 507 6 5 17.675116728524216 1.0656094228221533 0.9785117045901841 5 0
BOB 470 7 8 16.52958257635114 1.0811906129451507 0.9587486978210734 3 0
BOB 311 7 5 149.1412439604432 1.0400907715209349 0.9544814644560412 3 0
BOB 501 3 2 174.79883675773573 0.872563761660236 0.9484280616732661 2 0
BOB 495 5 5 21.087730312769963 1.0644527643561776 0.9461476457828295 4 0
BOB 325 1 3 25.804845265041592 0.9016781760020697 0.9084726050313807 3 0
BOB 505 2 3 26.43247569436446 0.8289765584240089 0.8410040090141158 4 0
BOB 498 3 2 50.189143766385826 0.804623942952972 0.8323420721016874 3 0
