0	0
0	4.0
1	4.0
1	4.0
2	4.0
2	4.0
3	4.0
3	4.0
4	4.0
4	4.0
5	4.0
5	4.0
6	4.0
6	4.0
7	4.0
7	4.0
8	4.0
8	4.0
9	4.0
9	4.153846153846154
10	4.153846153846154
10	4.153846153846154
11	4.153846153846154
11	4.153846153846154
12	4.153846153846154
12	4.153846153846154
13	4.153846153846154
13	4.153846153846154
14	4.153846153846154
14	4.153846153846154
15	4.153846153846154
15	4.153846153846154
16	4.153846153846154
16	4.142857142857143
17	4.142857142857143
17	4.142857142857143
18	4.142857142857143
18	4.142857142857143
19	4.142857142857143
19	4.142857142857143
20	4.142857142857143
20	4.142857142857143
21	4.142857142857143
21	4.142857142857143
22	4.142857142857143
22	4.142857142857143
23	4.142857142857143
23	4.142857142857143
24	4.142857142857143
24	4.133333333333334
25	4.133333333333334
25	4.142857142857143
26	4.142857142857143
26	4.142857142857143
27	4.142857142857143
27	4.142857142857143
28	4.142857142857143
28	4.142857142857143
29	4.142857142857143
29	4.142857142857143
30	4.142857142857143
30	4.142857142857143
31	4.142857142857143
31	4.142857142857143
32	4.142857142857143
32	4.142857142857143
33	4.142857142857143
33	4.142857142857143
34	4.142857142857143
34	4.142857142857143
35	4.142857142857143
35	4.142857142857143
36	4.142857142857143
36	4.142857142857143
37	4.142857142857143
37	4.142857142857143
38	4.142857142857143
38	4.076923076923077
39	4.076923076923077
39	4.076923076923077
40	4.076923076923077
40	4.076923076923077
41	4.076923076923077
41	4.076923076923077
42	4.076923076923077
42	4.076923076923077
43	4.076923076923077
43	4.076923076923077
44	4.076923076923077
44	4.076923076923077
45	4.076923076923077
45	4.083333333333333
46	4.083333333333333
46	4.083333333333333
47	4.083333333333333
47	4.083333333333333
48	4.083333333333333
48	4.083333333333333
49	4.083333333333333
49	4.083333333333333
50	4.083333333333333
50	4.083333333333333
51	4.083333333333333
51	4.090909090909091
52	4.090909090909091
52	4.090909090909091
53	4.090909090909091
53	4.083333333333333
54	4.083333333333333
54	4.083333333333333
55	4.083333333333333
55	4.083333333333333
56	4.083333333333333
56	4.153846153846154
57	4.153846153846154
57	4.181818181818182
58	4.181818181818182
58	4.181818181818182
59	4.181818181818182
59	4.181818181818182
60	4.181818181818182
60	4.181818181818182
61	4.181818181818182
61	4.181818181818182
62	4.181818181818182
62	4.181818181818182
63	4.181818181818182
63	4.181818181818182
64	4.181818181818182
64	4.181818181818182
65	4.181818181818182
65	4.181818181818182
66	4.181818181818182
66	4.1
67	4.1
67	4.1
68	4.1
68	4.090909090909091
69	4.090909090909091
69	4.166666666666667
70	4.166666666666667
70	4.166666666666667
71	4.166666666666667
71	4.166666666666667
72	4.166666666666667
72	4.166666666666667
73	4.166666666666667
73	4.166666666666667
74	4.166666666666667
74	4.153846153846154
75	4.153846153846154
75	4.153846153846154
76	4.153846153846154
76	4.153846153846154
77	4.153846153846154
77	4.153846153846154
78	4.153846153846154
78	4.153846153846154
79	4.153846153846154
79	4.153846153846154
80	4.153846153846154
80	4.153846153846154
81	4.153846153846154
81	4.153846153846154
82	4.153846153846154
82	4.166666666666667
83	4.166666666666667
83	4.166666666666667
84	4.166666666666667
84	4.166666666666667
85	4.166666666666667
85	4.166666666666667
86	4.166666666666667
86	4.181818181818182
87	4.181818181818182
87	4.181818181818182
88	4.181818181818182
88	4.181818181818182
89	4.181818181818182
89	4.181818181818182
90	4.181818181818182
90	4.181818181818182
91	4.181818181818182
91	4.181818181818182
92	4.181818181818182
92	4.25
93	4.25
93	4.25
94	4.25
94	4.2727272727272725
95	4.2727272727272725
95	4.2727272727272725
96	4.2727272727272725
96	4.2727272727272725
97	4.2727272727272725
97	4.2
98	4.2
98	4.363636363636363
99	4.363636363636363
99	4.363636363636363
100	4.363636363636363
100	4.363636363636363
101	4.363636363636363
101	4.363636363636363
102	4.363636363636363
102	4.363636363636363
103	4.363636363636363
103	4.363636363636363
104	4.363636363636363
104	4.363636363636363
105	4.363636363636363
105	4.4
106	4.4
106	4.4
107	4.4
107	4.4
108	4.4
108	4.5
109	4.5
109	4.25
110	4.25
110	4.25
111	4.25
111	4.25
112	4.25
112	4.25
113	4.25
113	4.2727272727272725
114	4.2727272727272725
114	4.2727272727272725
115	4.2727272727272725
115	4.333333333333333
116	4.333333333333333
116	4.333333333333333
117	4.333333333333333
117	4.384615384615385
118	4.384615384615385
118	4.384615384615385
119	4.384615384615385
119	4.384615384615385
120	4.384615384615385
120	4.384615384615385
121	4.384615384615385
121	4.384615384615385
122	4.384615384615385
122	4.384615384615385
123	4.384615384615385
123	4.363636363636363
124	4.363636363636363
124	4.363636363636363
125	4.363636363636363
125	4.363636363636363
126	4.363636363636363
126	4.363636363636363
127	4.363636363636363
127	4.363636363636363
128	4.363636363636363
128	4.363636363636363
129	4.363636363636363
129	4.363636363636363
130	4.363636363636363
130	4.363636363636363
131	4.363636363636363
131	4.363636363636363
132	4.363636363636363
132	4.333333333333333
133	4.333333333333333
133	4.333333333333333
134	4.333333333333333
134	4.333333333333333
135	4.333333333333333
135	4.333333333333333
136	4.333333333333333
136	4.333333333333333
137	4.333333333333333
137	4.363636363636363
138	4.363636363636363
138	4.4
139	4.4
139	4.4
140	4.4
140	4.4
141	4.4
141	4.4
142	4.4
142	4.4
143	4.4
143	4.4
144	4.4
144	4.555555555555555
145	4.555555555555555
145	4.555555555555555
146	4.555555555555555
146	4.555555555555555
147	4.555555555555555
147	4.555555555555555
148	4.555555555555555
148	4.555555555555555
149	4.555555555555555
149	4.555555555555555
150	4.555555555555555
150	4.555555555555555
151	4.555555555555555
151	4.555555555555555
152	4.555555555555555
152	4.555555555555555
153	4.555555555555555
153	4.555555555555555
154	4.555555555555555
154	4.555555555555555
155	4.555555555555555
155	4.555555555555555
156	4.555555555555555
156	4.555555555555555
157	4.555555555555555
157	4.333333333333333
158	4.333333333333333
158	4.333333333333333
159	4.333333333333333
159	4.3
160	4.3
160	4.3
161	4.3
161	4.2727272727272725
162	4.2727272727272725
162	4.2727272727272725
163	4.2727272727272725
163	4.2727272727272725
164	4.2727272727272725
164	4.2727272727272725
165	4.2727272727272725
165	4.25
166	4.25
166	4.2727272727272725
167	4.2727272727272725
167	4.2727272727272725
168	4.2727272727272725
168	4.2727272727272725
169	4.2727272727272725
169	4.2727272727272725
170	4.2727272727272725
170	4.2727272727272725
171	4.2727272727272725
171	4.333333333333333
172	4.333333333333333
172	4.333333333333333
173	4.333333333333333
173	4.333333333333333
174	4.333333333333333
174	4.333333333333333
175	4.333333333333333
175	4.3076923076923075
176	4.3076923076923075
176	4.333333333333333
177	4.333333333333333
177	4.333333333333333
178	4.333333333333333
178	4.461538461538462
179	4.461538461538462
179	4.461538461538462
180	4.461538461538462
180	4.461538461538462
181	4.461538461538462
181	4.461538461538462
182	4.461538461538462
182	4.461538461538462
183	4.461538461538462
183	4.461538461538462
184	4.461538461538462
184	4.461538461538462
185	4.461538461538462
185	4.5
186	4.5
186	4.5
187	4.5
187	4.5
188	4.5
188	4.5
189	4.5
189	4.5
190	4.5
190	4.5
191	4.5
191	4.5
192	4.5
192	4.545454545454546
193	4.545454545454546
193	4.545454545454546
194	4.545454545454546
194	4.545454545454546
195	4.545454545454546
195	4.545454545454546
196	4.545454545454546
196	4.545454545454546
197	4.545454545454546
197	4.6
198	4.6
198	4.6
199	4.6
199	4.6
200	4.6
200	4.6
201	4.6
201	4.6
202	4.6
202	4.555555555555555
203	4.555555555555555
203	4.555555555555555
204	4.555555555555555
204	4.6
205	4.6
205	4.6
206	4.6
206	4.6
207	4.6
207	4.6
208	4.6
208	4.6
209	4.6
209	4.6
210	4.6
210	4.6
211	4.6
211	4.7272727272727275
212	4.7272727272727275
212	4.7272727272727275
213	4.7272727272727275
213	4.7272727272727275
214	4.7272727272727275
214	4.7272727272727275
215	4.7272727272727275
215	4.7272727272727275
216	4.7272727272727275
216	4.7272727272727275
217	4.7272727272727275
217	4.75
218	4.75
218	4.75
219	4.75
219	4.636363636363637
220	4.636363636363637
220	4.545454545454546
221	4.545454545454546
221	4.545454545454546
222	4.545454545454546
222	4.545454545454546
223	4.545454545454546
223	4.545454545454546
224	4.545454545454546
224	4.545454545454546
225	4.545454545454546
225	4.545454545454546
226	4.545454545454546
226	4.545454545454546
227	4.545454545454546
227	4.545454545454546
228	4.545454545454546
228	4.545454545454546
229	4.545454545454546
229	4.545454545454546
230	4.545454545454546
230	4.545454545454546
231	4.545454545454546
231	4.545454545454546
232	4.545454545454546
232	4.545454545454546
233	4.545454545454546
233	4.583333333333333
234	4.583333333333333
234	4.583333333333333
235	4.583333333333333
235	4.583333333333333
236	4.583333333333333
236	4.615384615384615
237	4.615384615384615
237	4.615384615384615
238	4.615384615384615
238	4.615384615384615
239	4.615384615384615
239	4.615384615384615
240	4.615384615384615
240	4.615384615384615
241	4.615384615384615
241	4.666666666666667
242	4.666666666666667
242	4.636363636363637
243	4.636363636363637
243	4.636363636363637
244	4.636363636363637
244	4.6
245	4.6
245	4.666666666666667
246	4.666666666666667
246	4.666666666666667
247	4.666666666666667
247	4.666666666666667
248	4.666666666666667
248	4.666666666666667
249	4.666666666666667
249	4.666666666666667
250	4.666666666666667
250	4.666666666666667
251	4.666666666666667
251	4.666666666666667
252	4.666666666666667
252	4.666666666666667
253	4.666666666666667
253	4.75
254	4.75
254	4.75
255	4.75
255	4.888888888888889
256	4.888888888888889
256	4.888888888888889
257	4.888888888888889
257	4.9
258	4.9
258	4.9
259	4.9
259	4.9
260	4.9
260	5.0
261	5.0
261	5.0
262	5.0
262	5.0
263	5.0
263	5.1
264	5.1
264	5.1
265	5.1
265	5.1
266	5.1
266	5.1
267	5.1
267	5.1
268	5.1
268	5.1
269	5.1
269	5.1
270	5.1
270	5.1
271	5.1
271	5.1
272	5.1
272	5.1
273	5.1
273	5.1
274	5.1
274	5.1
275	5.1
275	5.1
276	5.1
276	5.1
277	5.1
277	5.1
278	5.1
278	5.1
279	5.1
279	5.0
280	5.0
280	5.0
281	5.0
281	5.0
282	5.0
282	5.0
283	5.0
283	5.0
284	5.0
284	5.0
285	5.0
285	5.0
286	5.0
286	5.0
287	5.0
287	5.0
288	5.0
288	5.0
289	5.0
289	4.8
290	4.8
290	4.8
291	4.8
291	4.8
292	4.8
292	4.8
293	4.8
293	4.8
294	4.8
294	4.8
295	4.8
295	4.8
296	4.8
296	4.8
297	4.8
297	4.8
298	4.8
298	4.8
299	4.8
299	4.8
300	4.8
300	4.8
301	4.8
301	4.8
302	4.8
302	4.8
303	4.8
303	4.8
304	4.8
304	4.8
305	4.8
305	4.8
306	4.8
306	4.8
307	4.8
307	4.5
308	4.5
308	4.5
309	4.5
309	4.428571428571429
310	4.428571428571429
310	4.428571428571429
311	4.428571428571429
311	4.5
312	4.5
312	4.5
313	4.5
313	4.5
314	4.5
314	4.5
315	4.5
315	4.5
316	4.5
316	4.5
317	4.5
317	4.5
318	4.5
318	4.5
319	4.5
319	4.5
320	4.5
320	4.5
321	4.5
321	4.5
322	4.5
322	4.5
323	4.5
323	4.5
324	4.5
324	4.5
325	4.5
325	4.5
326	4.5
326	4.5
327	4.5
327	4.5
328	4.5
328	4.5
329	4.5
329	4.5
330	4.5
330	4.5
331	4.5
331	4.5
332	4.5
332	4.5
333	4.5
333	4.5
334	4.5
334	4.5
335	4.5
335	4.166666666666667
336	4.166666666666667
336	4.166666666666667
337	4.166666666666667
337	4.166666666666667
338	4.166666666666667
338	4.166666666666667
339	4.166666666666667
339	4.166666666666667
340	4.166666666666667
340	4.4
341	4.4
341	4.4
342	4.4
342	4.4
343	4.4
343	4.4
344	4.4
344	4.4
345	4.4
345	4.4
346	4.4
346	4.4
347	4.4
347	4.4
348	4.4
348	4.4
349	4.4
349	4.4
350	4.4
350	4.4
351	4.4
351	4.4
352	4.4
352	4.4
353	4.4
353	4.4
354	4.4
354	4.4
355	4.4
355	4.4
356	4.4
356	4.4
357	4.4
357	4.4
358	4.4
358	4.4
359	4.4
359	4.4
360	4.4
360	4.4
361	4.4
361	4.4
362	4.4
362	4.4
363	4.4
363	4.166666666666667
364	4.166666666666667
364	4.166666666666667
365	4.166666666666667
365	4.166666666666667
366	4.166666666666667
366	4.166666666666667
367	4.166666666666667
367	4.166666666666667
368	4.166666666666667
368	4.166666666666667
369	4.166666666666667
369	4.142857142857143
370	4.142857142857143
370	4.142857142857143
371	4.142857142857143
371	4.142857142857143
372	4.142857142857143
372	4.25
373	4.25
373	4.25
374	4.25
374	4.25
375	4.25
375	4.25
376	4.25
376	4.25
377	4.25
377	4.25
378	4.25
378	4.25
379	4.25
379	4.333333333333333
380	4.333333333333333
380	4.333333333333333
381	4.333333333333333
381	4.25
382	4.25
382	4.25
383	4.25
383	4.25
384	4.25
384	4.25
385	4.25
385	4.25
386	4.25
386	4.25
387	4.25
387	4.25
388	4.25
388	4.25
389	4.25
389	4.428571428571429
390	4.428571428571429
390	4.428571428571429
391	4.428571428571429
391	4.428571428571429
392	4.428571428571429
392	4.428571428571429
393	4.428571428571429
393	4.428571428571429
394	4.428571428571429
394	4.428571428571429
395	4.428571428571429
395	4.428571428571429
396	4.428571428571429
396	4.428571428571429
397	4.428571428571429
397	4.428571428571429
398	4.428571428571429
398	4.428571428571429
399	4.428571428571429
399	4.428571428571429
400	4.428571428571429
400	4.428571428571429
401	4.428571428571429
401	4.428571428571429
402	4.428571428571429
402	4.428571428571429
403	4.428571428571429
403	4.5
404	4.5
404	4.571428571428571
405	4.571428571428571
405	4.5
406	4.5
406	4.5
407	4.5
407	4.5
408	4.5
408	4.5
409	4.5
409	4.428571428571429
410	4.428571428571429
410	4.375
411	4.375
411	4.375
412	4.375
412	4.375
413	4.375
413	4.285714285714286
414	4.285714285714286
414	4.285714285714286
415	4.285714285714286
415	4.285714285714286
416	4.285714285714286
416	4.285714285714286
417	4.285714285714286
417	4.285714285714286
418	4.285714285714286
418	4.285714285714286
419	4.285714285714286
419	4.285714285714286
420	4.285714285714286
420	4.285714285714286
421	4.285714285714286
421	4.285714285714286
422	4.285714285714286
422	4.285714285714286
423	4.285714285714286
423	4.285714285714286
424	4.285714285714286
424	4.285714285714286
425	4.285714285714286
425	4.285714285714286
426	4.285714285714286
426	4.285714285714286
427	4.285714285714286
427	4.285714285714286
428	4.285714285714286
428	4.375
429	4.375
429	4.375
430	4.375
430	4.375
431	4.375
431	4.375
432	4.375
432	4.375
433	4.375
433	4.375
434	4.375
434	4.375
435	4.375
435	4.375
436	4.375
436	4.428571428571429
437	4.428571428571429
437	4.428571428571429
438	4.428571428571429
438	4.428571428571429
439	4.428571428571429
439	4.428571428571429
440	4.428571428571429
440	4.428571428571429
441	4.428571428571429
441	4.428571428571429
442	4.428571428571429
442	4.428571428571429
443	4.428571428571429
443	4.428571428571429
444	4.428571428571429
444	4.428571428571429
445	4.428571428571429
445	4.428571428571429
446	4.428571428571429
446	4.428571428571429
447	4.428571428571429
447	4.428571428571429
448	4.428571428571429
448	4.428571428571429
449	4.428571428571429
449	4.428571428571429
450	4.428571428571429
450	4.428571428571429
451	4.428571428571429
451	4.428571428571429
452	4.428571428571429
452	4.428571428571429
453	4.428571428571429
453	4.428571428571429
454	4.428571428571429
454	4.428571428571429
455	4.428571428571429
455	4.428571428571429
456	4.428571428571429
456	4.375
457	4.375
457	4.375
458	4.375
458	4.444444444444445
459	4.444444444444445
459	4.444444444444445
460	4.444444444444445
460	4.444444444444445
461	4.444444444444445
461	4.444444444444445
462	4.444444444444445
462	4.444444444444445
463	4.444444444444445
463	4.444444444444445
464	4.444444444444445
464	4.444444444444445
465	4.444444444444445
465	4.444444444444445
466	4.444444444444445
466	4.444444444444445
467	4.444444444444445
467	4.444444444444445
468	4.444444444444445
468	4.444444444444445
469	4.444444444444445
469	4.444444444444445
470	4.444444444444445
470	4.444444444444445
471	4.444444444444445
471	4.444444444444445
472	4.444444444444445
472	4.444444444444445
473	4.444444444444445
473	4.5
474	4.5
474	4.5
475	4.5
475	4.555555555555555
476	4.555555555555555
476	4.555555555555555
477	4.555555555555555
477	4.555555555555555
478	4.555555555555555
478	4.555555555555555
479	4.555555555555555
479	4.555555555555555
480	4.555555555555555
480	4.625
481	4.625
481	4.625
482	4.625
482	4.625
483	4.625
483	4.625
484	4.625
484	4.625
485	4.625
485	4.625
486	4.625
486	4.625
487	4.625
487	4.625
488	4.625
488	4.625
489	4.625
489	4.625
490	4.625
490	4.625
491	4.625
491	4.625
492	4.625
492	4.625
493	4.625
493	4.625
494	4.625
494	4.625
495	4.625
495	4.625
496	4.625
496	4.625
497	4.625
497	4.571428571428571
498	4.571428571428571
498	4.571428571428571
499	4.571428571428571
499	4.5
500	4.5
500	4.5
501	4.5
501	4.428571428571429
502	4.428571428571429
502	4.625
503	4.625
503	4.625
504	4.625
504	4.625
505	4.625
505	4.625
506	4.625
506	4.625
507	4.625
507	4.625
508	4.625
508	4.625
509	4.625
509	4.625
510	4.625
510	4.625
511	4.625
511	4.625
512	4.625
512	4.625
513	4.625
513	4.625
514	4.625
514	4.625
515	4.625
515	4.444444444444445
516	4.444444444444445
516	4.444444444444445
517	4.444444444444445
517	4.4
518	4.4
518	4.4
519	4.4
519	4.4
520	4.4
520	4.4
521	4.4
521	4.4
522	4.4
522	4.4
523	4.4
523	4.2727272727272725
524	4.2727272727272725
524	4.2727272727272725
525	4.2727272727272725
525	4.2727272727272725
526	4.2727272727272725
526	4.2727272727272725
527	4.2727272727272725
527	4.2727272727272725
528	4.2727272727272725
528	4.2727272727272725
529	4.2727272727272725
529	4.2727272727272725
530	4.2727272727272725
530	4.2727272727272725
531	4.2727272727272725
531	4.2727272727272725
532	4.2727272727272725
532	4.2727272727272725
533	4.2727272727272725
533	4.2727272727272725
534	4.2727272727272725
534	4.2727272727272725
535	4.2727272727272725
535	4.2727272727272725
536	4.2727272727272725
536	4.2727272727272725
537	4.2727272727272725
537	4.2727272727272725
538	4.2727272727272725
538	4.2727272727272725
539	4.2727272727272725
539	4.2727272727272725
540	4.2727272727272725
540	4.2727272727272725
541	4.2727272727272725
541	4.2727272727272725
542	4.2727272727272725
542	4.2727272727272725
543	4.2727272727272725
543	4.2727272727272725
544	4.2727272727272725
544	4.2727272727272725
545	4.2727272727272725
545	4.2727272727272725
546	4.2727272727272725
546	4.2727272727272725
547	4.2727272727272725
547	4.2727272727272725
548	4.2727272727272725
548	4.2727272727272725
549	4.2727272727272725
549	4.2727272727272725
550	4.2727272727272725
550	4.2727272727272725
551	4.2727272727272725
551	4.2727272727272725
552	4.2727272727272725
552	4.2727272727272725
553	4.2727272727272725
553	4.2727272727272725
554	4.2727272727272725
554	4.2727272727272725
555	4.2727272727272725
555	4.2727272727272725
556	4.2727272727272725
556	4.2727272727272725
557	4.2727272727272725
557	4.2727272727272725
558	4.2727272727272725
558	4.3
559	4.3
559	4.3
560	4.3
560	4.545454545454546
561	4.545454545454546
561	4.545454545454546
562	4.545454545454546
562	4.416666666666667
563	4.416666666666667
563	4.416666666666667
564	4.416666666666667
564	4.416666666666667
565	4.416666666666667
565	4.416666666666667
566	4.416666666666667
566	4.416666666666667
567	4.416666666666667
567	4.384615384615385
568	4.384615384615385
568	4.384615384615385
569	4.384615384615385
569	4.384615384615385
570	4.384615384615385
570	4.384615384615385
571	4.384615384615385
571	4.384615384615385
572	4.384615384615385
572	4.384615384615385
573	4.384615384615385
573	4.384615384615385
574	4.384615384615385
574	4.384615384615385
575	4.384615384615385
575	4.5
576	4.5
576	4.461538461538462
577	4.461538461538462
577	4.461538461538462
578	4.461538461538462
578	4.461538461538462
579	4.461538461538462
579	4.461538461538462
580	4.461538461538462
580	4.461538461538462
581	4.461538461538462
581	4.461538461538462
582	4.461538461538462
582	4.461538461538462
583	4.461538461538462
583	4.461538461538462
584	4.461538461538462
584	4.461538461538462
585	4.461538461538462
585	4.461538461538462
586	4.461538461538462
586	4.461538461538462
587	4.461538461538462
587	4.461538461538462
588	4.461538461538462
588	4.461538461538462
589	4.461538461538462
589	4.461538461538462
590	4.461538461538462
590	4.461538461538462
591	4.461538461538462
591	4.461538461538462
592	4.461538461538462
592	4.461538461538462
593	4.461538461538462
593	4.461538461538462
594	4.461538461538462
594	4.461538461538462
595	4.461538461538462
595	4.461538461538462
596	4.461538461538462
596	4.461538461538462
597	4.461538461538462
597	4.461538461538462
598	4.461538461538462
598	4.454545454545454
599	4.454545454545454
599	4.6
600	4.6
600	4.6
601	4.6
601	4.6
602	4.6
602	4.6
603	4.6
603	4.545454545454546
604	4.545454545454546
604	4.5
605	4.5
605	4.25
606	4.25
606	4.230769230769231
607	4.230769230769231
607	4.25
608	4.25
608	4.25
609	4.25
609	4.25
610	4.25
610	4.3076923076923075
611	4.3076923076923075
611	4.3076923076923075
612	4.3076923076923075
612	4.3076923076923075
613	4.3076923076923075
613	4.3076923076923075
614	4.3076923076923075
614	4.285714285714286
615	4.285714285714286
615	4.285714285714286
616	4.285714285714286
616	4.285714285714286
617	4.285714285714286
617	4.266666666666667
618	4.266666666666667
618	4.266666666666667
619	4.266666666666667
619	4.266666666666667
620	4.266666666666667
620	4.071428571428571
621	4.071428571428571
621	4.071428571428571
622	4.071428571428571
622	4.071428571428571
623	4.071428571428571
623	4.071428571428571
624	4.071428571428571
624	4.071428571428571
625	4.071428571428571
625	4.071428571428571
626	4.071428571428571
626	4.153846153846154
627	4.153846153846154
627	4.214285714285714
628	4.214285714285714
628	4.214285714285714
629	4.214285714285714
629	4.214285714285714
630	4.214285714285714
630	4.214285714285714
631	4.214285714285714
631	4.214285714285714
632	4.214285714285714
632	4.214285714285714
633	4.214285714285714
633	4.214285714285714
634	4.214285714285714
634	4.214285714285714
635	4.214285714285714
635	4.214285714285714
636	4.214285714285714
636	4.214285714285714
637	4.214285714285714
637	4.214285714285714
638	4.214285714285714
638	4.230769230769231
639	4.230769230769231
639	4.333333333333333
640	4.333333333333333
640	4.333333333333333
641	4.333333333333333
641	4.333333333333333
642	4.333333333333333
642	4.363636363636363
643	4.363636363636363
643	4.363636363636363
644	4.363636363636363
644	4.363636363636363
645	4.363636363636363
645	4.363636363636363
646	4.363636363636363
646	4.363636363636363
647	4.363636363636363
647	4.363636363636363
648	4.363636363636363
648	4.4
649	4.4
649	4.4
650	4.4
650	4.444444444444445
651	4.444444444444445
651	4.375
652	4.375
652	4.375
653	4.375
653	4.333333333333333
654	4.333333333333333
654	4.333333333333333
655	4.333333333333333
655	4.333333333333333
656	4.333333333333333
656	4.333333333333333
657	4.333333333333333
657	4.333333333333333
658	4.333333333333333
658	4.4
659	4.4
659	4.444444444444445
660	4.444444444444445
660	4.444444444444445
661	4.444444444444445
661	4.444444444444445
662	4.444444444444445
662	4.444444444444445
663	4.444444444444445
663	4.444444444444445
664	4.444444444444445
664	4.444444444444445
665	4.444444444444445
665	4.444444444444445
666	4.444444444444445
666	4.444444444444445
667	4.444444444444445
667	4.444444444444445
668	4.444444444444445
668	4.444444444444445
669	4.444444444444445
669	4.444444444444445
670	4.444444444444445
670	4.444444444444445
671	4.444444444444445
671	4.444444444444445
672	4.444444444444445
672	4.444444444444445
673	4.444444444444445
673	4.444444444444445
674	4.444444444444445
674	4.444444444444445
675	4.444444444444445
675	4.444444444444445
676	4.444444444444445
676	4.444444444444445
677	4.444444444444445
677	4.444444444444445
678	4.444444444444445
678	4.444444444444445
679	4.444444444444445
679	4.444444444444445
680	4.444444444444445
680	4.444444444444445
681	4.444444444444445
681	4.444444444444445
682	4.444444444444445
682	4.444444444444445
683	4.444444444444445
683	4.444444444444445
684	4.444444444444445
684	4.444444444444445
685	4.444444444444445
685	4.5
686	4.5
686	4.5
687	4.5
687	4.5
688	4.5
688	4.5
689	4.5
689	4.5
690	4.5
690	4.5
691	4.5
691	4.5
692	4.5
692	4.5
693	4.5
693	4.5
694	4.5
694	4.5
695	4.5
695	4.5
696	4.5
696	4.5
697	4.5
697	4.5
698	4.5
698	4.5
699	4.5
699	4.5
700	4.5
700	4.5
701	4.5
701	4.5
702	4.5
702	4.5
703	4.5
703	4.5
704	4.5
704	4.5
705	4.5
705	4.5
706	4.5
706	4.5
707	4.5
707	4.5
708	4.5
708	4.571428571428571
709	4.571428571428571
709	4.571428571428571
710	4.571428571428571
710	4.5
711	4.5
711	4.5
712	4.5
712	4.333333333333333
713	4.333333333333333
713	4.333333333333333
714	4.333333333333333
714	4.333333333333333
715	4.333333333333333
715	4.333333333333333
716	4.333333333333333
716	4.333333333333333
717	4.333333333333333
717	4.333333333333333
718	4.333333333333333
718	4.333333333333333
719	4.333333333333333
719	4.333333333333333
720	4.333333333333333
720	4.333333333333333
721	4.333333333333333
721	4.4
722	4.4
722	4.4
723	4.4
723	4.4
724	4.4
724	4.4
725	4.4
725	4.4
726	4.4
726	4.4
727	4.4
727	4.4
728	4.4
728	4.4
729	4.4
729	4.4
730	4.4
730	4.4
731	4.4
731	4.4
732	4.4
732	4.4
733	4.4
733	4.4
734	4.4
734	4.4
735	4.4
735	4.4
736	4.4
736	4.4
737	4.4
737	4.4
738	4.4
738	4.4
739	4.4
739	4.4
740	4.4
740	4.4
741	4.4
741	4.363636363636363
742	4.363636363636363
742	4.5
743	4.5
743	4.5
744	4.5
744	4.5
745	4.5
745	4.5
746	4.5
746	4.444444444444445
747	4.444444444444445
747	4.444444444444445
748	4.444444444444445
748	4.444444444444445
749	4.444444444444445
749	4.444444444444445
750	4.444444444444445
750	4.444444444444445
751	4.444444444444445
751	4.571428571428571
752	4.571428571428571
752	4.5
753	4.5
753	4.5
754	4.5
754	4.4
755	4.4
755	4.4
756	4.4
756	4.166666666666667
757	4.166666666666667
757	4.166666666666667
758	4.166666666666667
758	4.285714285714286
759	4.285714285714286
759	4.285714285714286
760	4.285714285714286
760	4.285714285714286
761	4.285714285714286
761	4.285714285714286
762	4.285714285714286
762	4.285714285714286
763	4.285714285714286
763	4.285714285714286
764	4.285714285714286
764	4.285714285714286
765	4.285714285714286
765	4.285714285714286
766	4.285714285714286
766	4.285714285714286
767	4.285714285714286
767	4.285714285714286
768	4.285714285714286
768	4.285714285714286
769	4.285714285714286
769	4.285714285714286
770	4.285714285714286
770	4.285714285714286
771	4.285714285714286
771	4.285714285714286
772	4.285714285714286
772	4.375
