SETTING GRID_LENGTH 200
SETTING NB_SPAWN_FOOD 1000
SETTING FOOD_ENERGY 100
SETTING BOB_SPAWN_ENERGY 100
SETTING BOB_MAX_ENERGY 200
SETTING BOB_NEWBORN_ENERGY 50
SETTING SEXUAL_BORN_ENERGY 100
SETTING BOB_STATIONARY_ENERGY_LOSS 0.5
SETTING BOB_SELF_REPRODUCTION_ENERGY_LOSS 150
SETTING BOB_SEXUAL_REPRODUCTION_LOSS 100
SETTING BOB_SEXUAL_REPRODUCTION_LEVEL 150
SETTING PERCEPTION_FLAT_PENALTY 0.2
SETTING MEMORY_FLAT_PENALTY 0.2
SETTING DEFAULT_VELOCITY 1
SETTING DEFAULT_MASS 1
SETTING DEFAULT_VISION 0
SETTING DEFAULT_MEMORY_POINT 0
SETTING MASS_VARIATION 0.1
SETTING VELOCITY_VARIATION 0.1
SETTING VISION_VARIATION 1
SETTING MEMORY_POINT_VARIATION 1
SETTING SELF_REPRODUCTION True
SETTING SEXUAL_REPRODUCTION True
SETTING TICK_PER_DAY 50
GAME NB_BOB 200
GAME NB_BOB_SPAWNED 200
GAME CURRENT_TICK 1
GAME CURRENT_DAY 0
BOB 0 175 73 99.0 1 1 0 0
BOB 1 147 16 99.0 1 1 0 0
BOB 2 28 46 99.0 1 1 0 0
BOB 3 105 141 99.0 1 1 0 0
BOB 4 128 85 99.0 1 1 0 0
BOB 5 125 38 99.0 1 1 0 0
BOB 6 8 157 99.0 1 1 0 0
BOB 7 68 57 99.0 1 1 0 0
BOB 8 195 195 99.0 1 1 0 0
BOB 9 151 128 99.0 1 1 0 0
BOB 10 91 84 99.0 1 1 0 0
BOB 11 130 52 99.0 1 1 0 0
BOB 12 82 125 99.0 1 1 0 0
BOB 13 85 23 99.0 1 1 0 0
BOB 14 92 9 99.0 1 1 0 0
BOB 15 3 49 99.0 1 1 0 0
BOB 16 128 149 99.0 1 1 0 0
BOB 17 159 180 99.0 1 1 0 0
BOB 18 104 164 99.0 1 1 0 0
BOB 19 73 80 99.0 1 1 0 0
BOB 20 181 1 99.0 1 1 0 0
BOB 21 96 67 199.0 1 1 0 0
BOB 22 63 9 99.0 1 1 0 0
BOB 23 173 144 99.0 1 1 0 0
BOB 24 107 119 99.0 1 1 0 0
BOB 25 157 133 99.0 1 1 0 0
BOB 26 11 148 99.0 1 1 0 0
BOB 27 32 155 99.0 1 1 0 0
BOB 28 173 82 199.0 1 1 0 0
BOB 29 18 81 99.0 1 1 0 0
BOB 30 179 77 99.0 1 1 0 0
BOB 31 176 60 99.0 1 1 0 0
BOB 32 104 28 99.0 1 1 0 0
BOB 33 18 119 99.0 1 1 0 0
BOB 34 195 108 99.0 1 1 0 0
BOB 35 23 179 99.0 1 1 0 0
BOB 36 121 134 99.0 1 1 0 0
BOB 37 20 91 99.0 1 1 0 0
BOB 38 150 141 199.5 1 1 0 0
BOB 39 55 126 99.0 1 1 0 0
BOB 40 38 23 99.0 1 1 0 0
BOB 41 70 6 99.0 1 1 0 0
BOB 42 33 196 99.0 1 1 0 0
BOB 43 133 157 99.0 1 1 0 0
BOB 44 124 197 99.0 1 1 0 0
BOB 45 174 140 99.0 1 1 0 0
BOB 46 80 188 99.0 1 1 0 0
BOB 47 66 162 99.0 1 1 0 0
BOB 48 58 173 99.0 1 1 0 0
BOB 49 3 76 99.0 1 1 0 0
BOB 50 169 171 99.0 1 1 0 0
BOB 51 190 24 99.0 1 1 0 0
BOB 52 23 33 99.0 1 1 0 0
BOB 53 191 34 99.0 1 1 0 0
BOB 54 138 152 99.0 1 1 0 0
BOB 55 109 139 99.0 1 1 0 0
BOB 56 49 195 99.0 1 1 0 0
BOB 57 76 109 99.0 1 1 0 0
BOB 58 173 186 99.0 1 1 0 0
BOB 59 196 93 99.0 1 1 0 0
BOB 60 124 127 99.0 1 1 0 0
BOB 61 34 161 99.0 1 1 0 0
BOB 62 159 124 99.0 1 1 0 0
BOB 63 68 179 99.0 1 1 0 0
BOB 64 15 120 99.0 1 1 0 0
BOB 65 141 121 99.0 1 1 0 0
BOB 66 100 126 99.0 1 1 0 0
BOB 67 165 184 99.0 1 1 0 0
BOB 68 109 45 99.0 1 1 0 0
BOB 69 58 189 99.0 1 1 0 0
BOB 70 71 109 99.0 1 1 0 0
BOB 71 128 40 99.0 1 1 0 0
BOB 72 67 171 99.0 1 1 0 0
BOB 73 138 13 99.0 1 1 0 0
BOB 74 25 170 99.0 1 1 0 0
BOB 75 188 130 99.0 1 1 0 0
BOB 76 150 5 99.0 1 1 0 0
BOB 77 161 48 99.0 1 1 0 0
BOB 78 187 150 99.0 1 1 0 0
BOB 79 143 172 99.0 1 1 0 0
BOB 80 103 190 99.0 1 1 0 0
BOB 81 109 25 99.0 1 1 0 0
BOB 82 199 48 99.0 1 1 0 0
BOB 83 186 181 99.0 1 1 0 0
BOB 84 51 131 99.0 1 1 0 0
BOB 85 148 52 99.0 1 1 0 0
BOB 86 75 113 99.0 1 1 0 0
BOB 87 15 118 99.0 1 1 0 0
BOB 88 30 131 99.0 1 1 0 0
BOB 89 91 16 99.0 1 1 0 0
BOB 90 181 38 99.0 1 1 0 0
BOB 91 36 21 99.0 1 1 0 0
BOB 92 47 70 99.0 1 1 0 0
BOB 93 193 105 99.0 1 1 0 0
BOB 94 67 41 99.0 1 1 0 0
BOB 95 175 54 99.0 1 1 0 0
BOB 96 134 1 99.0 1 1 0 0
BOB 97 129 197 99.0 1 1 0 0
BOB 98 17 186 99.0 1 1 0 0
BOB 99 36 118 99.0 1 1 0 0
BOB 100 150 35 99.0 1 1 0 0
BOB 101 118 79 99.0 1 1 0 0
BOB 102 37 0 99.0 1 1 0 0
BOB 103 22 139 99.0 1 1 0 0
BOB 104 153 193 199.0 1 1 0 0
BOB 105 133 58 99.0 1 1 0 0
BOB 106 191 15 99.0 1 1 0 0
BOB 107 46 116 99.0 1 1 0 0
BOB 108 175 9 99.0 1 1 0 0
BOB 109 156 8 99.0 1 1 0 0
BOB 110 170 65 99.0 1 1 0 0
BOB 111 0 52 99.0 1 1 0 0
BOB 112 71 72 99.0 1 1 0 0
BOB 113 60 39 99.0 1 1 0 0
BOB 114 44 195 99.0 1 1 0 0
BOB 115 146 88 99.0 1 1 0 0
BOB 116 22 83 99.0 1 1 0 0
BOB 117 106 23 99.0 1 1 0 0
BOB 118 165 153 199.0 1 1 0 0
BOB 119 59 155 99.0 1 1 0 0
BOB 120 75 108 99.0 1 1 0 0
BOB 121 120 135 99.0 1 1 0 0
BOB 122 168 59 99.0 1 1 0 0
BOB 123 117 28 99.0 1 1 0 0
BOB 124 176 185 99.0 1 1 0 0
BOB 125 69 173 99.0 1 1 0 0
BOB 126 199 35 99.0 1 1 0 0
BOB 127 46 175 99.0 1 1 0 0
BOB 128 44 179 99.0 1 1 0 0
BOB 129 45 140 199.0 1 1 0 0
BOB 130 119 43 99.0 1 1 0 0
BOB 131 84 110 99.0 1 1 0 0
BOB 132 46 88 99.0 1 1 0 0
BOB 133 133 51 99.0 1 1 0 0
BOB 134 24 180 99.0 1 1 0 0
BOB 135 141 33 99.0 1 1 0 0
BOB 136 45 151 99.0 1 1 0 0
BOB 137 178 84 99.0 1 1 0 0
BOB 138 101 155 99.0 1 1 0 0
BOB 139 152 158 99.0 1 1 0 0
BOB 140 142 45 99.0 1 1 0 0
BOB 141 30 185 99.0 1 1 0 0
BOB 142 117 109 99.0 1 1 0 0
BOB 143 114 118 99.0 1 1 0 0
BOB 144 79 163 99.0 1 1 0 0
BOB 145 62 185 99.0 1 1 0 0
BOB 146 90 62 99.0 1 1 0 0
BOB 147 184 56 99.0 1 1 0 0
BOB 148 6 1 199.5 1 1 0 0
BOB 149 154 23 99.0 1 1 0 0
BOB 150 85 29 99.0 1 1 0 0
BOB 151 160 186 99.0 1 1 0 0
BOB 152 18 21 99.0 1 1 0 0
BOB 153 120 75 99.0 1 1 0 0
BOB 154 87 157 99.0 1 1 0 0
BOB 155 118 72 99.0 1 1 0 0
BOB 156 158 45 99.0 1 1 0 0
BOB 157 106 21 99.0 1 1 0 0
BOB 158 69 160 99.0 1 1 0 0
BOB 159 40 47 99.0 1 1 0 0
BOB 160 121 27 99.0 1 1 0 0
BOB 161 22 18 99.0 1 1 0 0
BOB 162 44 3 99.0 1 1 0 0
BOB 163 164 114 99.0 1 1 0 0
BOB 164 158 150 99.0 1 1 0 0
BOB 165 186 37 99.0 1 1 0 0
BOB 166 59 186 99.0 1 1 0 0
BOB 167 164 116 99.0 1 1 0 0
BOB 168 122 60 99.0 1 1 0 0
BOB 169 165 4 99.0 1 1 0 0
BOB 170 177 113 99.0 1 1 0 0
BOB 171 37 163 99.0 1 1 0 0
BOB 172 48 57 99.0 1 1 0 0
BOB 173 21 163 99.0 1 1 0 0
BOB 174 117 64 99.0 1 1 0 0
BOB 175 27 83 99.0 1 1 0 0
BOB 176 136 6 99.0 1 1 0 0
BOB 177 184 53 99.0 1 1 0 0
BOB 178 24 124 99.0 1 1 0 0
BOB 179 156 101 99.0 1 1 0 0
BOB 180 170 3 99.0 1 1 0 0
BOB 181 41 43 99.0 1 1 0 0
BOB 182 150 133 99.0 1 1 0 0
BOB 183 160 103 99.0 1 1 0 0
BOB 184 137 86 99.0 1 1 0 0
BOB 185 119 138 99.0 1 1 0 0
BOB 186 13 43 99.0 1 1 0 0
BOB 187 119 53 99.0 1 1 0 0
BOB 188 190 134 99.0 1 1 0 0
BOB 189 66 195 199.5 1 1 0 0
BOB 190 0 28 99.0 1 1 0 0
BOB 191 52 172 99.0 1 1 0 0
BOB 192 67 103 99.0 1 1 0 0
BOB 193 104 77 99.0 1 1 0 0
BOB 194 32 118 99.0 1 1 0 0
BOB 195 7 120 99.0 1 1 0 0
BOB 196 91 198 99.0 1 1 0 0
BOB 197 194 112 99.0 1 1 0 0
BOB 198 90 2 99.0 1 1 0 0
BOB 199 71 149 99.0 1 1 0 0
FOOD 0 3 100
FOOD 0 77 100
FOOD 1 34 100
FOOD 1 192 100
FOOD 2 65 100
FOOD 2 84 100
FOOD 2 137 100
FOOD 2 166 100
FOOD 2 182 100
FOOD 2 188 100
FOOD 2 198 100
FOOD 3 37 100
FOOD 3 146 100
FOOD 3 171 100
FOOD 4 28 100
FOOD 4 53 100
FOOD 4 63 100
FOOD 4 68 100
FOOD 4 95 100
FOOD 5 2 100
FOOD 5 42 100
FOOD 5 65 100
FOOD 5 79 100
FOOD 5 93 100
FOOD 5 190 100
FOOD 6 29 100
FOOD 6 33 100
FOOD 6 110 100
FOOD 6 112 100
FOOD 6 123 100
FOOD 6 145 100
FOOD 7 25 100
FOOD 7 63 100
FOOD 7 142 100
FOOD 7 162 100
FOOD 8 1 100
FOOD 8 100 100
FOOD 8 132 100
FOOD 8 134 100
FOOD 8 141 100
FOOD 8 147 100
FOOD 8 160 100
FOOD 8 188 100
FOOD 9 143 100
FOOD 9 190 200
FOOD 10 33 100
FOOD 10 100 100
FOOD 10 142 100
FOOD 10 157 100
FOOD 10 190 100
FOOD 11 13 100
FOOD 11 59 100
FOOD 11 97 100
FOOD 11 101 100
FOOD 11 108 100
FOOD 11 112 100
FOOD 11 163 100
FOOD 12 1 100
FOOD 12 6 100
FOOD 12 50 100
FOOD 12 74 100
FOOD 13 1 100
FOOD 13 41 100
FOOD 13 88 100
FOOD 13 97 100
FOOD 13 102 100
FOOD 13 123 100
FOOD 13 126 100
FOOD 13 137 100
FOOD 13 173 100
FOOD 13 177 100
FOOD 13 183 100
FOOD 13 184 100
FOOD 14 18 100
FOOD 14 65 100
FOOD 14 83 100
FOOD 14 101 100
FOOD 14 142 100
FOOD 14 166 100
FOOD 14 169 100
FOOD 14 196 100
FOOD 15 5 100
FOOD 15 30 100
FOOD 15 192 100
FOOD 16 61 100
FOOD 16 107 100
FOOD 16 121 100
FOOD 16 132 100
FOOD 16 190 100
FOOD 17 5 100
FOOD 17 40 100
FOOD 18 25 100
FOOD 18 49 100
FOOD 18 180 100
FOOD 19 125 100
FOOD 19 132 100
FOOD 20 19 100
FOOD 20 39 100
FOOD 20 190 100
FOOD 21 34 100
FOOD 21 97 100
FOOD 21 98 100
FOOD 21 147 100
FOOD 21 152 100
FOOD 21 176 100
FOOD 22 9 100
FOOD 22 40 100
FOOD 22 69 100
FOOD 22 99 100
FOOD 22 119 100
FOOD 22 194 100
FOOD 23 25 100
FOOD 23 51 100
FOOD 24 6 100
FOOD 24 82 100
FOOD 24 100 100
FOOD 26 30 100
FOOD 26 65 100
FOOD 26 125 100
FOOD 26 155 100
FOOD 26 177 100
FOOD 26 186 100
FOOD 27 8 100
FOOD 27 51 200
FOOD 27 85 100
FOOD 27 154 100
FOOD 27 168 100
FOOD 27 177 100
FOOD 27 190 100
FOOD 28 30 100
FOOD 28 41 100
FOOD 28 98 100
FOOD 28 119 100
FOOD 28 188 100
FOOD 29 15 100
FOOD 29 31 100
FOOD 29 72 100
FOOD 30 84 100
FOOD 30 119 100
FOOD 30 156 100
FOOD 31 88 100
FOOD 31 129 100
FOOD 31 140 100
FOOD 32 23 100
FOOD 32 64 100
FOOD 32 66 100
FOOD 32 188 100
FOOD 32 191 100
FOOD 33 5 100
FOOD 33 108 100
FOOD 33 118 100
FOOD 33 121 100
FOOD 34 5 100
FOOD 34 20 100
FOOD 34 58 100
FOOD 34 180 200
FOOD 35 66 100
FOOD 35 97 100
FOOD 35 110 100
FOOD 35 134 100
FOOD 35 176 100
FOOD 36 18 100
FOOD 36 98 100
FOOD 36 142 100
FOOD 36 146 100
FOOD 36 147 100
FOOD 36 153 100
FOOD 36 181 100
FOOD 36 196 100
FOOD 37 26 100
FOOD 37 62 100
FOOD 37 98 100
FOOD 38 31 100
FOOD 38 45 100
FOOD 38 86 100
FOOD 38 107 100
FOOD 38 130 100
FOOD 38 143 100
FOOD 38 158 100
FOOD 39 25 100
FOOD 39 52 100
FOOD 39 112 100
FOOD 40 14 100
FOOD 40 24 100
FOOD 40 44 100
FOOD 40 132 100
FOOD 40 133 100
FOOD 40 150 100
FOOD 40 177 100
FOOD 41 14 100
FOOD 41 16 100
FOOD 41 67 100
FOOD 41 80 100
FOOD 41 121 100
FOOD 41 174 100
FOOD 42 27 100
FOOD 42 82 100
FOOD 42 164 100
FOOD 43 60 100
FOOD 43 90 100
FOOD 43 139 100
FOOD 43 193 100
FOOD 43 194 100
FOOD 44 42 100
FOOD 44 125 100
FOOD 44 136 100
FOOD 44 187 100
FOOD 44 193 100
FOOD 45 1 100
FOOD 45 16 100
FOOD 45 18 100
FOOD 45 36 100
FOOD 45 49 100
FOOD 45 153 100
FOOD 45 189 100
FOOD 46 5 100
FOOD 46 10 100
FOOD 46 37 100
FOOD 46 44 200
FOOD 46 84 100
FOOD 46 103 100
FOOD 46 134 100
FOOD 46 154 100
FOOD 46 159 100
FOOD 46 187 100
FOOD 47 7 100
FOOD 47 43 100
FOOD 48 190 100
FOOD 49 3 100
FOOD 49 40 100
FOOD 49 51 100
FOOD 49 60 100
FOOD 49 108 100
FOOD 49 129 100
FOOD 50 106 100
FOOD 50 143 100
FOOD 50 195 100
FOOD 51 14 200
FOOD 51 15 100
FOOD 51 92 100
FOOD 51 94 100
FOOD 51 116 100
FOOD 51 198 100
FOOD 52 170 100
FOOD 52 181 100
FOOD 53 22 100
FOOD 53 24 100
FOOD 53 65 100
FOOD 53 71 100
FOOD 53 93 100
FOOD 54 30 100
FOOD 54 49 100
FOOD 54 78 100
FOOD 54 84 100
FOOD 54 128 100
FOOD 54 196 100
FOOD 55 21 100
FOOD 55 129 100
FOOD 55 157 100
FOOD 56 4 100
FOOD 56 16 100
FOOD 56 68 100
FOOD 56 81 100
FOOD 57 23 100
FOOD 57 82 100
FOOD 58 147 100
FOOD 58 148 100
FOOD 58 151 100
FOOD 58 180 100
FOOD 59 9 100
FOOD 59 34 100
FOOD 59 103 100
FOOD 59 106 100
FOOD 59 121 100
FOOD 60 35 100
FOOD 60 76 100
FOOD 60 115 100
FOOD 60 150 100
FOOD 60 153 100
FOOD 60 161 100
FOOD 60 162 100
FOOD 60 168 100
FOOD 60 197 100
FOOD 61 14 100
FOOD 61 16 100
FOOD 61 27 100
FOOD 61 32 100
FOOD 61 96 100
FOOD 61 123 100
FOOD 61 164 100
FOOD 61 178 100
FOOD 61 189 100
FOOD 62 16 100
FOOD 62 47 100
FOOD 62 59 100
FOOD 62 61 100
FOOD 62 99 100
FOOD 62 133 100
FOOD 62 138 100
FOOD 63 13 100
FOOD 63 16 100
FOOD 63 41 100
FOOD 63 69 100
FOOD 63 73 100
FOOD 63 86 100
FOOD 63 137 100
FOOD 63 169 100
FOOD 64 48 100
FOOD 64 57 100
FOOD 64 71 100
FOOD 64 98 100
FOOD 64 127 100
FOOD 64 157 100
FOOD 65 18 100
FOOD 65 120 100
FOOD 66 7 100
FOOD 66 61 100
FOOD 66 101 100
FOOD 66 121 100
FOOD 66 132 100
FOOD 66 165 100
FOOD 67 146 100
FOOD 67 175 100
FOOD 68 10 100
FOOD 68 11 100
FOOD 68 90 100
FOOD 68 97 100
FOOD 68 103 100
FOOD 68 158 100
FOOD 68 171 100
FOOD 68 190 100
FOOD 69 15 100
FOOD 69 90 100
FOOD 69 188 100
FOOD 70 41 100
FOOD 71 97 100
FOOD 71 135 100
FOOD 71 139 100
FOOD 71 157 100
FOOD 71 184 100
FOOD 71 190 100
FOOD 72 6 100
FOOD 72 34 100
FOOD 72 44 100
FOOD 72 53 100
FOOD 72 73 100
FOOD 72 93 100
FOOD 72 107 100
FOOD 72 175 100
FOOD 73 17 100
FOOD 73 27 100
FOOD 73 63 100
FOOD 73 100 100
FOOD 73 119 100
FOOD 73 197 100
FOOD 74 2 100
FOOD 74 60 100
FOOD 74 81 100
FOOD 74 187 200
FOOD 75 40 100
FOOD 75 43 100
FOOD 75 86 100
FOOD 75 100 100
FOOD 75 102 100
FOOD 75 131 100
FOOD 76 7 100
FOOD 76 70 100
FOOD 76 127 100
FOOD 76 130 100
FOOD 76 146 100
FOOD 76 155 100
FOOD 77 90 100
FOOD 77 117 100
FOOD 78 73 100
FOOD 78 95 100
FOOD 78 129 100
FOOD 78 152 100
FOOD 79 6 100
FOOD 79 15 100
FOOD 79 193 100
FOOD 80 4 100
FOOD 80 12 100
FOOD 80 23 100
FOOD 80 64 100
FOOD 80 73 100
FOOD 80 84 100
FOOD 80 93 100
FOOD 80 156 100
FOOD 80 193 100
FOOD 81 19 100
FOOD 81 43 100
FOOD 82 5 100
FOOD 82 9 100
FOOD 82 20 100
FOOD 82 97 100
FOOD 82 142 100
FOOD 82 197 100
FOOD 83 0 100
FOOD 83 22 100
FOOD 83 54 100
FOOD 83 71 100
FOOD 83 80 100
FOOD 83 108 100
FOOD 83 141 100
FOOD 83 143 100
FOOD 84 85 100
FOOD 84 175 100
FOOD 85 13 100
FOOD 85 26 100
FOOD 85 28 100
FOOD 85 36 100
FOOD 85 72 100
FOOD 85 90 100
FOOD 85 96 100
FOOD 86 25 100
FOOD 86 34 100
FOOD 86 82 100
FOOD 86 108 100
FOOD 86 123 100
FOOD 86 133 100
FOOD 86 154 100
FOOD 86 188 100
FOOD 87 7 100
FOOD 87 50 100
FOOD 87 69 100
FOOD 87 81 100
FOOD 87 152 100
FOOD 87 196 100
FOOD 88 64 100
FOOD 88 108 100
FOOD 88 155 100
FOOD 88 184 100
FOOD 89 63 100
FOOD 89 122 100
FOOD 89 191 100
FOOD 90 82 100
FOOD 90 88 100
FOOD 90 90 100
FOOD 90 168 100
FOOD 91 28 100
FOOD 91 93 100
FOOD 91 137 100
FOOD 92 67 100
FOOD 93 6 100
FOOD 93 41 100
FOOD 93 76 100
FOOD 93 101 100
FOOD 93 128 100
FOOD 93 163 100
FOOD 93 170 100
FOOD 94 67 100
FOOD 94 87 100
FOOD 94 194 100
FOOD 95 48 100
FOOD 95 58 100
FOOD 96 102 100
FOOD 96 104 100
FOOD 96 106 100
FOOD 96 171 100
FOOD 97 2 100
FOOD 97 61 100
FOOD 97 66 100
FOOD 97 85 100
FOOD 98 57 100
FOOD 98 79 100
FOOD 98 159 100
FOOD 98 160 100
FOOD 98 172 100
FOOD 98 175 100
FOOD 99 83 100
FOOD 99 97 100
FOOD 99 169 100
FOOD 100 15 100
FOOD 100 22 100
FOOD 100 35 100
FOOD 100 52 100
FOOD 100 105 100
FOOD 100 121 100
FOOD 100 176 100
FOOD 100 190 100
FOOD 101 32 100
FOOD 101 65 100
FOOD 101 113 100
FOOD 101 118 100
FOOD 101 143 100
FOOD 101 162 100
FOOD 102 2 100
FOOD 102 128 100
FOOD 102 131 100
FOOD 102 173 100
FOOD 103 63 100
FOOD 103 121 100
FOOD 104 63 100
FOOD 104 119 100
FOOD 104 183 100
FOOD 105 30 100
FOOD 106 6 100
FOOD 106 12 100
FOOD 106 15 100
FOOD 106 38 100
FOOD 106 104 100
FOOD 106 183 100
FOOD 107 73 100
FOOD 107 78 100
FOOD 107 170 100
FOOD 108 32 100
FOOD 108 55 100
FOOD 108 111 100
FOOD 108 125 100
FOOD 108 130 100
FOOD 108 168 100
FOOD 108 177 100
FOOD 109 20 100
FOOD 109 67 100
FOOD 109 134 100
FOOD 109 157 100
FOOD 109 171 100
FOOD 109 185 100
FOOD 110 0 100
FOOD 110 4 100
FOOD 110 11 100
FOOD 110 23 100
FOOD 110 56 100
FOOD 110 72 100
FOOD 110 75 100
FOOD 110 88 100
FOOD 110 144 100
FOOD 110 180 100
FOOD 111 15 100
FOOD 111 114 100
FOOD 111 174 100
FOOD 111 180 100
FOOD 111 188 100
FOOD 111 193 100
FOOD 112 16 100
FOOD 112 78 100
FOOD 113 54 100
FOOD 113 56 100
FOOD 113 68 100
FOOD 113 139 100
FOOD 113 162 100
FOOD 113 166 100
FOOD 113 173 100
FOOD 114 1 100
FOOD 114 35 100
FOOD 114 60 100
FOOD 114 100 100
FOOD 114 135 100
FOOD 114 157 100
FOOD 115 5 100
FOOD 115 52 100
FOOD 115 56 100
FOOD 115 124 100
FOOD 115 170 100
FOOD 115 171 100
FOOD 115 178 100
FOOD 115 183 100
FOOD 116 47 100
FOOD 116 107 100
FOOD 116 166 100
FOOD 116 170 100
FOOD 117 22 100
FOOD 117 40 100
FOOD 117 132 100
FOOD 118 13 100
FOOD 118 65 100
FOOD 118 80 100
FOOD 118 171 100
FOOD 118 194 100
FOOD 119 2 100
FOOD 119 46 100
FOOD 119 91 100
FOOD 119 183 100
FOOD 120 92 100
FOOD 120 96 100
FOOD 120 124 100
FOOD 120 127 100
FOOD 120 184 100
FOOD 121 13 100
FOOD 121 14 100
FOOD 121 65 100
FOOD 121 86 100
FOOD 122 24 100
FOOD 122 25 100
FOOD 122 48 100
FOOD 122 118 100
FOOD 123 41 100
FOOD 123 67 100
FOOD 123 93 100
FOOD 123 139 100
FOOD 123 155 100
FOOD 123 164 100
FOOD 124 30 100
FOOD 124 44 100
FOOD 124 50 100
FOOD 124 89 100
FOOD 124 141 100
FOOD 124 185 100
FOOD 125 3 100
FOOD 125 4 100
FOOD 125 6 100
FOOD 125 32 100
FOOD 125 116 100
FOOD 125 159 100
FOOD 126 64 100
FOOD 126 130 100
FOOD 126 197 100
FOOD 127 8 100
FOOD 128 14 100
FOOD 128 51 100
FOOD 128 57 100
FOOD 128 145 100
FOOD 128 197 100
FOOD 129 27 100
FOOD 129 34 100
FOOD 129 72 100
FOOD 129 125 100
FOOD 129 155 100
FOOD 129 169 100
FOOD 129 172 100
FOOD 130 12 100
FOOD 130 19 100
FOOD 130 64 100
FOOD 130 69 100
FOOD 131 2 100
FOOD 131 55 100
FOOD 131 136 100
FOOD 131 139 100
FOOD 131 159 100
FOOD 131 175 100
FOOD 132 6 100
FOOD 132 19 100
FOOD 132 36 100
FOOD 132 44 100
FOOD 132 80 100
FOOD 132 98 100
FOOD 132 106 100
FOOD 132 114 100
FOOD 132 123 100
FOOD 132 148 100
FOOD 132 182 100
FOOD 133 80 100
FOOD 133 111 100
FOOD 133 115 100
FOOD 133 140 200
FOOD 133 184 100
FOOD 133 187 100
FOOD 134 22 100
FOOD 134 58 100
FOOD 134 84 100
FOOD 134 109 100
FOOD 134 120 100
FOOD 134 124 100
FOOD 134 133 100
FOOD 134 179 100
FOOD 134 188 100
FOOD 135 116 200
FOOD 135 128 100
FOOD 136 2 100
FOOD 136 88 200
FOOD 137 32 100
FOOD 137 53 100
FOOD 137 83 100
FOOD 137 150 100
FOOD 138 44 100
FOOD 138 62 100
FOOD 138 66 100
FOOD 138 70 100
FOOD 138 77 100
FOOD 138 139 100
FOOD 138 149 100
FOOD 138 153 100
FOOD 138 173 100
FOOD 138 192 100
FOOD 139 22 100
FOOD 139 28 100
FOOD 139 92 100
FOOD 139 98 100
FOOD 139 104 100
FOOD 140 16 100
FOOD 140 65 100
FOOD 140 122 100
FOOD 140 129 100
FOOD 140 138 100
FOOD 140 166 100
FOOD 140 174 100
FOOD 140 192 100
FOOD 141 37 100
FOOD 141 88 100
FOOD 141 98 100
FOOD 141 101 100
FOOD 141 119 100
FOOD 141 150 100
FOOD 142 2 100
FOOD 142 7 100
FOOD 142 37 100
FOOD 142 52 100
FOOD 142 85 100
FOOD 142 91 100
FOOD 142 160 100
FOOD 143 2 100
FOOD 143 25 100
FOOD 143 43 100
FOOD 143 87 100
FOOD 144 32 100
FOOD 144 119 100
FOOD 144 175 100
FOOD 145 2 100
FOOD 145 58 100
FOOD 145 80 100
FOOD 145 125 100
FOOD 146 8 100
FOOD 146 72 100
FOOD 146 87 100
FOOD 146 94 100
FOOD 146 128 100
FOOD 146 130 100
FOOD 147 34 100
FOOD 147 185 100
FOOD 148 46 100
FOOD 148 120 100
FOOD 148 172 100
FOOD 148 175 100
FOOD 148 184 100
FOOD 149 46 100
FOOD 149 68 100
FOOD 149 78 100
FOOD 149 99 200
FOOD 149 196 200
FOOD 150 13 100
FOOD 150 14 100
FOOD 150 29 100
FOOD 150 114 100
FOOD 150 135 100
FOOD 150 164 100
FOOD 150 170 100
FOOD 150 195 100
FOOD 150 198 200
FOOD 151 3 100
FOOD 151 4 100
FOOD 151 30 100
FOOD 151 36 100
FOOD 151 120 100
FOOD 152 118 100
FOOD 152 182 100
FOOD 153 18 100
FOOD 153 54 100
FOOD 153 143 100
FOOD 154 3 100
FOOD 154 182 100
FOOD 155 1 100
FOOD 155 36 100
FOOD 155 38 100
FOOD 155 55 100
FOOD 155 107 100
FOOD 155 110 100
FOOD 155 178 100
FOOD 155 192 100
FOOD 156 166 100
FOOD 157 77 100
FOOD 157 81 100
FOOD 157 86 100
FOOD 157 108 100
FOOD 157 120 100
FOOD 157 126 100
FOOD 157 153 100
FOOD 157 170 100
FOOD 157 187 100
FOOD 157 194 100
FOOD 158 5 100
FOOD 158 35 100
FOOD 158 46 100
FOOD 158 142 100
FOOD 159 35 100
FOOD 159 56 100
FOOD 159 101 100
FOOD 159 102 100
FOOD 159 110 100
FOOD 159 134 100
FOOD 159 153 100
FOOD 160 75 100
FOOD 160 163 100
FOOD 161 5 100
FOOD 161 28 100
FOOD 161 72 100
FOOD 161 105 100
FOOD 161 122 100
FOOD 161 129 100
FOOD 161 171 100
FOOD 161 196 100
FOOD 162 31 100
FOOD 162 90 100
FOOD 162 124 100
FOOD 162 135 100
FOOD 162 152 100
FOOD 163 9 100
FOOD 163 86 100
FOOD 163 87 100
FOOD 163 150 100
FOOD 163 178 100
FOOD 163 199 100
FOOD 164 1 100
FOOD 164 75 100
FOOD 164 109 100
FOOD 164 141 100
FOOD 164 188 100
FOOD 165 90 100
FOOD 165 125 100
FOOD 165 156 100
FOOD 165 180 100
FOOD 166 54 100
FOOD 166 91 100
FOOD 166 109 100
FOOD 166 134 100
FOOD 166 143 100
FOOD 166 166 100
FOOD 166 174 100
FOOD 168 30 100
FOOD 168 87 100
FOOD 170 13 100
FOOD 170 21 100
FOOD 170 47 100
FOOD 170 95 100
FOOD 170 100 100
FOOD 170 116 100
FOOD 170 136 100
FOOD 171 13 100
FOOD 171 34 100
FOOD 171 35 100
FOOD 171 38 100
FOOD 171 83 100
FOOD 171 84 100
FOOD 171 88 100
FOOD 171 158 100
FOOD 172 28 100
FOOD 172 129 100
FOOD 172 141 100
FOOD 172 149 100
FOOD 172 150 100
FOOD 172 188 100
FOOD 172 197 100
FOOD 172 198 100
FOOD 173 83 100
FOOD 173 128 100
FOOD 173 189 100
FOOD 174 146 100
FOOD 174 163 100
FOOD 175 2 100
FOOD 175 35 100
FOOD 175 47 100
FOOD 175 134 100
FOOD 175 176 100
FOOD 175 188 100
FOOD 175 197 100
FOOD 176 106 100
FOOD 176 110 100
FOOD 176 138 100
FOOD 177 48 100
FOOD 177 77 100
FOOD 177 88 100
FOOD 177 131 100
FOOD 177 184 100
FOOD 177 192 100
FOOD 178 28 100
FOOD 178 30 100
FOOD 178 49 100
FOOD 178 63 100
FOOD 178 74 100
FOOD 178 161 100
FOOD 178 184 100
FOOD 178 196 100
FOOD 179 4 100
FOOD 179 115 100
FOOD 179 165 100
FOOD 179 170 100
FOOD 179 171 100
FOOD 180 64 100
FOOD 180 80 100
FOOD 180 149 100
FOOD 180 162 100
FOOD 180 174 100
FOOD 181 92 100
FOOD 181 96 100
FOOD 181 130 100
FOOD 181 133 100
FOOD 181 184 100
FOOD 181 197 100
FOOD 182 5 100
FOOD 182 29 100
FOOD 182 37 100
FOOD 182 43 100
FOOD 182 74 100
FOOD 182 86 100
FOOD 182 167 100
FOOD 183 46 100
FOOD 183 86 100
FOOD 183 128 100
FOOD 183 159 100
FOOD 184 108 100
FOOD 184 110 100
FOOD 184 179 100
FOOD 185 22 100
FOOD 185 85 100
FOOD 185 122 100
FOOD 185 179 100
FOOD 186 40 100
FOOD 186 50 100
FOOD 186 95 100
FOOD 186 135 100
FOOD 186 141 100
FOOD 186 146 200
FOOD 186 153 100
FOOD 187 10 100
FOOD 187 62 100
FOOD 187 67 100
FOOD 187 94 100
FOOD 187 121 100
FOOD 187 136 100
FOOD 187 193 100
FOOD 188 0 100
FOOD 188 56 100
FOOD 188 68 100
FOOD 188 92 100
FOOD 188 132 100
FOOD 189 76 100
FOOD 189 137 100
FOOD 189 142 100
FOOD 189 176 100
FOOD 190 18 100
FOOD 190 29 100
FOOD 190 139 100
FOOD 190 151 100
FOOD 190 155 100
FOOD 191 8 100
FOOD 191 97 100
FOOD 191 120 100
FOOD 191 156 100
FOOD 192 10 100
FOOD 192 27 100
FOOD 192 54 100
FOOD 192 105 100
FOOD 192 167 100
FOOD 193 34 100
FOOD 193 43 100
FOOD 193 64 100
FOOD 193 121 100
FOOD 193 128 100
FOOD 193 132 100
FOOD 193 164 100
FOOD 193 189 100
FOOD 194 123 100
FOOD 194 128 100
FOOD 195 67 100
FOOD 195 96 100
FOOD 195 137 100
FOOD 195 162 100
FOOD 195 165 100
FOOD 196 4 100
FOOD 196 132 100
FOOD 196 133 100
FOOD 196 147 100
FOOD 196 161 100
FOOD 196 177 100
FOOD 196 189 100
FOOD 197 20 100
FOOD 197 87 100
FOOD 198 43 100
FOOD 198 72 100
FOOD 198 87 100
FOOD 198 160 100
FOOD 198 182 100
FOOD 199 52 100
FOOD 199 103 100
FOOD 199 107 100
FOOD 199 108 100
FOOD 199 121 100
FOOD 199 130 100
FOOD 199 160 100
FOOD 199 162 100
