0	0
0	1.0
1	1.0
1	1.0
2	1.0
2	1.0
3	1.0
3	1.0
4	1.0
4	1.0
5	1.0
5	1.0
6	1.0
6	1.0
7	1.0
7	1.0
8	1.0
8	1.0
9	1.0
9	1.0
10	1.0
10	1.0909090909090908
11	1.0909090909090908
11	1.0909090909090908
12	1.0909090909090908
12	1.0833333333333333
13	1.0833333333333333
13	1.0833333333333333
14	1.0833333333333333
14	1.0
15	1.0
15	1.0
16	1.0
16	1.0
17	1.0
17	1.0
18	1.0
18	1.0
19	1.0
19	1.0
20	1.0
20	1.0
21	1.0
21	1.0
22	1.0
22	1.0
23	1.0
23	1.0
24	1.0
24	1.0
25	1.0
25	1.0
26	1.0
26	1.0
27	1.0
27	1.0
28	1.0
28	1.0
29	1.0
29	1.0
30	1.0
30	1.0
31	1.0
31	1.0
32	1.0
32	1.0
33	1.0
33	1.0
34	1.0
34	1.0
35	1.0
35	1.0
36	1.0
36	1.0
37	1.0
37	1.0
38	1.0
38	1.0
39	1.0
39	1.0
40	1.0
40	1.0
41	1.0
41	1.0
42	1.0
42	1.0
43	1.0
43	1.0
44	1.0
44	1.0
45	1.0
45	0.9285714285714286
46	0.9285714285714286
46	0.9285714285714286
47	0.9285714285714286
47	0.9285714285714286
48	0.9285714285714286
48	0.9285714285714286
49	0.9285714285714286
49	0.9285714285714286
50	0.9285714285714286
50	0.9285714285714286
51	0.9285714285714286
51	0.9285714285714286
52	0.9285714285714286
52	0.9285714285714286
53	0.9285714285714286
53	0.9285714285714286
54	0.9285714285714286
54	0.9285714285714286
55	0.9285714285714286
55	0.9166666666666666
56	0.9166666666666666
56	0.9166666666666666
57	0.9166666666666666
57	0.9166666666666666
58	0.9166666666666666
58	0.9166666666666666
59	0.9166666666666666
59	0.9166666666666666
60	0.9166666666666666
60	0.9166666666666666
61	0.9166666666666666
61	1.0
62	1.0
62	1.0714285714285714
63	1.0714285714285714
63	1.0714285714285714
64	1.0714285714285714
64	1.0714285714285714
65	1.0714285714285714
65	1.0714285714285714
66	1.0714285714285714
66	1.0714285714285714
67	1.0714285714285714
67	1.0
68	1.0
68	1.0
69	1.0
69	1.0
70	1.0
70	1.0
71	1.0
71	1.0
72	1.0
72	1.0
73	1.0
73	1.0
74	1.0
74	1.0
75	1.0
75	1.0
76	1.0
76	1.0
77	1.0
77	1.0
78	1.0
78	0.9285714285714286
79	0.9285714285714286
79	0.9285714285714286
80	0.9285714285714286
80	0.9285714285714286
81	0.9285714285714286
81	0.9285714285714286
82	0.9285714285714286
82	0.9285714285714286
83	0.9285714285714286
83	0.9285714285714286
84	0.9285714285714286
84	0.9285714285714286
85	0.9285714285714286
85	0.9166666666666666
86	0.9166666666666666
86	0.9166666666666666
87	0.9166666666666666
87	0.9166666666666666
88	0.9166666666666666
88	0.9166666666666666
89	0.9166666666666666
89	0.9166666666666666
90	0.9166666666666666
90	0.9166666666666666
91	0.9166666666666666
91	0.9166666666666666
92	0.9166666666666666
92	0.9166666666666666
93	0.9166666666666666
93	0.9166666666666666
94	0.9166666666666666
94	0.9166666666666666
95	0.9166666666666666
95	1.0
96	1.0
96	1.0
97	1.0
97	1.0
98	1.0
98	1.0
99	1.0
99	1.0
100	1.0
100	1.0
101	1.0
101	0.9
102	0.9
102	0.9
103	0.9
103	0.9
104	0.9
104	0.9
105	0.9
105	1.0
106	1.0
106	1.125
107	1.125
107	1.125
108	1.125
108	1.125
109	1.125
109	1.125
110	1.125
110	1.125
111	1.125
111	1.1111111111111112
112	1.1111111111111112
112	1.1111111111111112
113	1.1111111111111112
113	1.1111111111111112
114	1.1111111111111112
114	1.1111111111111112
115	1.1111111111111112
115	1.1111111111111112
116	1.1111111111111112
116	1.1111111111111112
117	1.1111111111111112
117	1.1111111111111112
118	1.1111111111111112
118	1.1111111111111112
119	1.1111111111111112
119	1.1111111111111112
120	1.1111111111111112
120	1.1111111111111112
121	1.1111111111111112
121	1.1111111111111112
122	1.1111111111111112
122	1.1111111111111112
123	1.1111111111111112
123	1.1111111111111112
124	1.1111111111111112
124	1.1111111111111112
125	1.1111111111111112
125	1.1111111111111112
126	1.1111111111111112
126	1.1111111111111112
127	1.1111111111111112
127	1.1111111111111112
128	1.1111111111111112
128	1.1666666666666667
129	1.1666666666666667
129	1.1666666666666667
130	1.1666666666666667
130	1.1666666666666667
131	1.1666666666666667
131	1.1666666666666667
132	1.1666666666666667
132	1.1666666666666667
133	1.1666666666666667
133	1.1666666666666667
134	1.1666666666666667
134	1.1666666666666667
135	1.1666666666666667
135	1.1666666666666667
136	1.1666666666666667
136	1.1666666666666667
137	1.1666666666666667
137	1.1666666666666667
138	1.1666666666666667
138	1.1666666666666667
139	1.1666666666666667
139	1.1666666666666667
140	1.1666666666666667
140	1.1666666666666667
141	1.1666666666666667
141	1.1666666666666667
142	1.1666666666666667
142	1.1666666666666667
143	1.1666666666666667
143	1.1666666666666667
144	1.1666666666666667
144	1.1666666666666667
145	1.1666666666666667
145	1.1666666666666667
146	1.1666666666666667
146	1.1666666666666667
147	1.1666666666666667
147	1.1666666666666667
148	1.1666666666666667
148	1.1666666666666667
149	1.1666666666666667
149	1.1666666666666667
150	1.1666666666666667
150	1.1666666666666667
151	1.1666666666666667
151	1.2
152	1.2
152	1.2
153	1.2
153	1.2
154	1.2
154	1.2
155	1.2
155	1.5714285714285714
156	1.5714285714285714
156	1.5714285714285714
157	1.5714285714285714
157	1.5714285714285714
158	1.5714285714285714
158	1.5714285714285714
159	1.5714285714285714
159	1.5714285714285714
160	1.5714285714285714
160	1.5714285714285714
161	1.5714285714285714
161	1.5714285714285714
162	1.5714285714285714
162	1.5714285714285714
163	1.5714285714285714
163	1.5714285714285714
164	1.5714285714285714
164	1.5714285714285714
165	1.5714285714285714
165	1.5714285714285714
166	1.5714285714285714
166	1.5714285714285714
167	1.5714285714285714
167	1.5714285714285714
168	1.5714285714285714
168	1.6666666666666667
169	1.6666666666666667
169	1.6666666666666667
170	1.6666666666666667
170	1.6666666666666667
171	1.6666666666666667
171	1.6666666666666667
172	1.6666666666666667
172	1.6666666666666667
173	1.6666666666666667
173	1.6666666666666667
174	1.6666666666666667
174	1.6666666666666667
175	1.6666666666666667
175	1.6666666666666667
176	1.6666666666666667
176	1.6666666666666667
177	1.6666666666666667
177	1.6666666666666667
178	1.6666666666666667
178	1.6666666666666667
179	1.6666666666666667
179	1.6666666666666667
180	1.6666666666666667
180	1.6666666666666667
181	1.6666666666666667
181	1.6666666666666667
182	1.6666666666666667
182	1.6666666666666667
183	1.6666666666666667
183	1.6666666666666667
184	1.6666666666666667
184	1.6666666666666667
185	1.6666666666666667
185	1.6666666666666667
186	1.6666666666666667
186	1.8
187	1.8
187	1.8
188	1.8
188	1.8
189	1.8
189	1.8
190	1.8
190	1.8
191	1.8
191	1.8
192	1.8
192	1.8
193	1.8
193	1.8
194	1.8
194	1.8
195	1.8
195	1.8
196	1.8
196	1.8
197	1.8
197	1.8
198	1.8
198	1.8
199	1.8
199	1.8
200	1.8
200	1.8
201	1.8
201	1.8
202	1.8
202	1.8
203	1.8
203	1.8
204	1.8
204	1.8
205	1.8
205	1.8
206	1.8
206	1.8
207	1.8
207	1.8
208	1.8
208	1.8
209	1.8
209	2.1666666666666665
210	2.1666666666666665
210	2.142857142857143
211	2.142857142857143
211	2.142857142857143
212	2.142857142857143
212	2.142857142857143
213	2.142857142857143
213	2.142857142857143
214	2.142857142857143
214	2.3333333333333335
215	2.3333333333333335
215	2.3333333333333335
216	2.3333333333333335
216	2.2857142857142856
217	2.2857142857142856
217	2.2857142857142856
218	2.2857142857142856
218	2.2857142857142856
219	2.2857142857142856
219	2.2857142857142856
220	2.2857142857142856
220	2.2857142857142856
221	2.2857142857142856
221	2.2857142857142856
222	2.2857142857142856
222	2.2857142857142856
223	2.2857142857142856
223	2.2857142857142856
224	2.2857142857142856
224	2.2857142857142856
225	2.2857142857142856
225	2.2857142857142856
226	2.2857142857142856
226	2.2857142857142856
227	2.2857142857142856
227	2.2857142857142856
228	2.2857142857142856
228	2.2857142857142856
229	2.2857142857142856
229	2.2857142857142856
230	2.2857142857142856
230	2.2857142857142856
231	2.2857142857142856
231	2.2857142857142856
232	2.2857142857142856
232	2.2857142857142856
233	2.2857142857142856
233	2.2857142857142856
234	2.2857142857142856
234	2.0
235	2.0
235	2.0
236	2.0
236	2.0
237	2.0
237	2.0
238	2.0
238	1.8571428571428572
239	1.8571428571428572
239	1.8571428571428572
240	1.8571428571428572
240	1.8571428571428572
241	1.8571428571428572
241	1.8571428571428572
242	1.8571428571428572
242	1.8571428571428572
243	1.8571428571428572
243	2.125
244	2.125
244	2.125
245	2.125
245	2.125
246	2.125
246	2.125
247	2.125
247	2.125
248	2.125
248	2.125
249	2.125
249	2.125
250	2.125
250	2.125
251	2.125
251	2.125
252	2.125
252	2.125
253	2.125
253	2.125
254	2.125
254	2.125
255	2.125
255	2.125
256	2.125
256	2.125
257	2.125
257	2.125
258	2.125
258	2.111111111111111
259	2.111111111111111
259	2.111111111111111
260	2.111111111111111
260	2.111111111111111
261	2.111111111111111
261	2.111111111111111
262	2.111111111111111
262	2.111111111111111
263	2.111111111111111
263	2.111111111111111
264	2.111111111111111
264	2.111111111111111
265	2.111111111111111
265	2.111111111111111
266	2.111111111111111
266	2.111111111111111
267	2.111111111111111
267	2.111111111111111
268	2.111111111111111
268	1.875
269	1.875
269	1.875
270	1.875
270	1.875
271	1.875
271	1.875
272	1.875
272	1.875
273	1.875
273	1.875
274	1.875
274	1.875
275	1.875
275	1.875
276	1.875
276	2.0
277	2.0
277	2.0
278	2.0
278	2.0
279	2.0
279	2.0
280	2.0
280	2.0
281	2.0
281	2.0
282	2.0
282	2.0
283	2.0
283	2.0
284	2.0
284	1.875
285	1.875
285	1.875
286	1.875
286	1.875
287	1.875
287	1.7142857142857142
288	1.7142857142857142
288	1.7142857142857142
289	1.7142857142857142
289	1.7142857142857142
290	1.7142857142857142
290	1.6666666666666667
291	1.6666666666666667
291	1.6666666666666667
292	1.6666666666666667
292	1.6666666666666667
293	1.6666666666666667
293	1.6666666666666667
294	1.6666666666666667
294	1.6666666666666667
295	1.6666666666666667
295	1.6666666666666667
296	1.6666666666666667
296	1.6666666666666667
297	1.6666666666666667
297	1.8
298	1.8
298	1.8
299	1.8
299	1.8
300	1.8
300	1.8
301	1.8
301	1.8
302	1.8
302	1.8
303	1.8
303	1.8
304	1.8
304	1.8
305	1.8
305	1.8
306	1.8
306	1.8
307	1.8
307	1.8
308	1.8
308	1.8
309	1.8
309	1.8
310	1.8
310	1.8
311	1.8
311	1.8
312	1.8
312	1.8
313	1.8
313	1.8
314	1.8
314	1.8
315	1.8
315	1.8
316	1.8
316	1.8
317	1.8
317	1.8
318	1.8
318	1.8
319	1.8
319	1.8
320	1.8
320	1.75
321	1.75
321	1.75
322	1.75
322	1.75
323	1.75
323	1.75
324	1.75
324	1.75
325	1.75
325	1.75
326	1.75
326	1.75
327	1.75
327	1.75
328	1.75
328	1.75
329	1.75
329	1.75
330	1.75
330	1.75
331	1.75
331	1.75
332	1.75
332	1.75
333	1.75
333	1.75
334	1.75
334	1.75
335	1.75
335	1.75
336	1.75
336	1.75
337	1.75
337	2.0
338	2.0
338	2.0
339	2.0
339	2.0
340	2.0
340	2.0
341	2.0
341	2.0
342	2.0
342	2.0
343	2.0
343	2.0
344	2.0
344	2.0
345	2.0
345	2.0
346	2.0
346	2.0
347	2.0
347	2.0
348	2.0
348	2.0
349	2.0
349	2.0
350	2.0
350	2.0
351	2.0
351	2.0
352	2.0
352	2.0
353	2.0
353	2.0
354	2.0
354	2.0
355	2.0
355	2.0
356	2.0
356	2.0
357	2.0
357	2.0
358	2.0
358	2.0
359	2.0
359	2.0
360	2.0
360	2.0
361	2.0
361	2.0
362	2.0
362	2.0
363	2.0
363	2.0
364	2.0
364	2.0
365	2.0
365	2.0
366	2.0
366	2.0
367	2.0
367	2.0
368	2.0
368	2.0
369	2.0
369	2.0
370	2.0
370	2.0
371	2.0
371	2.0
372	2.0
372	2.0
373	2.0
373	2.0
374	2.0
374	2.0
375	2.0
375	2.0
376	2.0
376	2.0
377	2.0
377	2.0
378	2.0
378	2.0
379	2.0
379	2.0
380	2.0
380	2.0
381	2.0
381	2.0
382	2.0
382	2.0
383	2.0
383	2.0
384	2.0
384	2.0
385	2.0
385	2.0
386	2.0
386	2.0
387	2.0
387	2.0
388	2.0
388	2.0
389	2.0
389	2.0
390	2.0
390	2.2
391	2.2
391	2.2
392	2.2
392	2.2
393	2.2
393	2.2
394	2.2
394	2.2
395	2.2
395	2.0
396	2.0
396	2.0
397	2.0
397	2.0
398	2.0
398	2.0
399	2.0
399	2.0
400	2.0
400	2.0
401	2.0
401	2.0
402	2.0
402	2.0
403	2.0
403	2.0
404	2.0
404	2.0
405	2.0
405	2.0
406	2.0
406	2.0
407	2.0
407	2.125
408	2.125
408	2.125
409	2.125
409	2.125
410	2.125
410	2.125
411	2.125
411	2.125
412	2.125
412	2.125
413	2.125
413	2.125
414	2.125
414	2.125
415	2.125
415	2.125
416	2.125
416	2.111111111111111
417	2.111111111111111
417	2.111111111111111
418	2.111111111111111
418	2.111111111111111
419	2.111111111111111
419	2.111111111111111
420	2.111111111111111
420	2.111111111111111
421	2.111111111111111
421	2.111111111111111
422	2.111111111111111
422	2.111111111111111
423	2.111111111111111
423	2.111111111111111
424	2.111111111111111
424	2.111111111111111
425	2.111111111111111
425	2.125
426	2.125
426	2.125
427	2.125
427	2.125
428	2.125
428	2.125
429	2.125
429	2.111111111111111
430	2.111111111111111
430	2.111111111111111
431	2.111111111111111
431	2.111111111111111
432	2.111111111111111
432	2.111111111111111
433	2.111111111111111
433	2.111111111111111
434	2.111111111111111
434	2.111111111111111
435	2.111111111111111
435	2.111111111111111
436	2.111111111111111
436	2.111111111111111
437	2.111111111111111
437	2.111111111111111
438	2.111111111111111
438	2.111111111111111
439	2.111111111111111
439	2.25
440	2.25
440	2.25
441	2.25
441	2.25
442	2.25
442	2.25
443	2.25
443	2.25
444	2.25
444	2.3333333333333335
445	2.3333333333333335
445	2.3333333333333335
446	2.3333333333333335
446	2.4
447	2.4
447	2.4
448	2.4
448	2.4
449	2.4
449	2.4
450	2.4
450	2.4
451	2.4
451	2.4
452	2.4
452	2.4
453	2.4
453	2.25
454	2.25
454	2.25
455	2.25
455	2.25
456	2.25
456	2.4
457	2.4
457	2.4
458	2.4
458	2.4
459	2.4
459	2.4
460	2.4
460	2.4
461	2.4
461	2.4
462	2.4
462	2.4
463	2.4
463	2.4
464	2.4
464	2.5
465	2.5
465	2.5
466	2.5
466	2.5
467	2.5
467	2.5
468	2.5
468	2.5
469	2.5
469	2.5
470	2.5
470	2.5
471	2.5
471	2.5
472	2.5
472	2.375
473	2.375
473	2.375
474	2.375
474	2.375
475	2.375
475	2.375
476	2.375
476	2.375
477	2.375
477	2.375
478	2.375
478	2.375
479	2.375
479	2.375
480	2.375
480	2.375
481	2.375
481	2.375
482	2.375
482	2.375
483	2.375
483	2.375
484	2.375
484	2.375
485	2.375
485	2.375
486	2.375
486	2.375
487	2.375
487	2.375
488	2.375
488	2.375
489	2.375
489	2.375
490	2.375
490	2.375
491	2.375
491	2.375
492	2.375
492	2.2857142857142856
493	2.2857142857142856
493	2.2857142857142856
494	2.2857142857142856
494	2.2857142857142856
495	2.2857142857142856
495	2.2857142857142856
496	2.2857142857142856
496	2.2857142857142856
497	2.2857142857142856
497	2.375
498	2.375
498	2.2857142857142856
499	2.2857142857142856
499	2.2857142857142856
500	2.2857142857142856
500	2.2857142857142856
501	2.2857142857142856
501	2.2857142857142856
502	2.2857142857142856
502	2.2857142857142856
503	2.2857142857142856
503	2.2857142857142856
504	2.2857142857142856
504	2.3333333333333335
505	2.3333333333333335
505	2.4
506	2.4
506	2.4
507	2.4
507	2.4
508	2.4
508	2.4
509	2.4
509	2.4
510	2.4
510	2.4
511	2.4
511	2.5
512	2.5
512	2.5
513	2.5
513	2.5
514	2.5
514	2.5
515	2.5
515	2.5
516	2.5
516	2.5
517	2.5
517	2.4
518	2.4
518	2.4
519	2.4
519	2.4
520	2.4
520	2.4
521	2.4
521	2.4
522	2.4
522	2.4
523	2.4
523	2.4
524	2.4
524	2.4
525	2.4
525	2.4
526	2.4
526	2.4
527	2.4
527	2.5
528	2.5
528	2.5
529	2.5
529	2.5
530	2.5
530	2.5
531	2.5
531	2.5
532	2.5
532	2.5
533	2.5
533	2.5
534	2.5
534	2.5
535	2.5
535	2.5
536	2.5
536	2.4
537	2.4
537	2.4
538	2.4
538	2.4
539	2.4
539	2.4
540	2.4
540	2.4
541	2.4
541	2.4
542	2.4
542	2.4
543	2.4
543	2.4
544	2.4
544	2.4
545	2.4
545	2.4
546	2.4
546	2.4
547	2.4
547	2.4
548	2.4
548	2.4
549	2.4
549	2.5
550	2.5
550	2.5
551	2.5
551	2.5
552	2.5
552	2.5
553	2.5
553	2.5
554	2.5
554	2.5
555	2.5
555	2.5
556	2.5
556	2.5
557	2.5
557	2.5
558	2.5
558	2.5
559	2.5
559	2.5
560	2.5
560	2.5
561	2.5
561	2.4
562	2.4
562	2.4
563	2.4
563	2.4
564	2.4
564	2.6666666666666665
565	2.6666666666666665
565	2.6666666666666665
566	2.6666666666666665
566	2.6666666666666665
567	2.6666666666666665
567	2.6666666666666665
568	2.6666666666666665
568	2.6666666666666665
569	2.6666666666666665
569	2.6666666666666665
570	2.6666666666666665
570	2.6666666666666665
571	2.6666666666666665
571	2.6666666666666665
572	2.6666666666666665
572	2.6666666666666665
573	2.6666666666666665
573	2.6666666666666665
574	2.6666666666666665
574	2.7142857142857144
575	2.7142857142857144
575	2.6666666666666665
576	2.6666666666666665
576	2.6666666666666665
577	2.6666666666666665
577	2.6666666666666665
578	2.6666666666666665
578	2.7142857142857144
579	2.7142857142857144
579	2.7142857142857144
580	2.7142857142857144
580	2.7142857142857144
581	2.7142857142857144
581	2.7142857142857144
582	2.7142857142857144
582	2.7142857142857144
583	2.7142857142857144
583	2.7142857142857144
584	2.7142857142857144
584	2.7142857142857144
585	2.7142857142857144
585	2.7142857142857144
586	2.7142857142857144
586	2.7142857142857144
587	2.7142857142857144
587	2.7142857142857144
588	2.7142857142857144
588	2.7142857142857144
589	2.7142857142857144
589	2.7142857142857144
590	2.7142857142857144
590	2.7142857142857144
591	2.7142857142857144
591	2.7142857142857144
592	2.7142857142857144
592	2.7142857142857144
593	2.7142857142857144
593	2.7142857142857144
594	2.7142857142857144
594	2.7142857142857144
595	2.7142857142857144
595	2.8333333333333335
596	2.8333333333333335
596	2.8333333333333335
597	2.8333333333333335
597	2.8333333333333335
598	2.8333333333333335
598	2.8333333333333335
599	2.8333333333333335
599	2.8333333333333335
600	2.8333333333333335
600	2.8
601	2.8
601	2.8
602	2.8
602	2.75
603	2.75
603	2.75
604	2.75
604	2.75
605	2.75
605	2.75
606	2.75
606	2.75
607	2.75
607	2.75
608	2.75
608	2.6666666666666665
609	2.6666666666666665
609	2.6666666666666665
610	2.6666666666666665
610	2.6666666666666665
611	2.6666666666666665
611	2.6666666666666665
612	2.6666666666666665
612	2.6666666666666665
613	2.6666666666666665
613	2.6666666666666665
614	2.6666666666666665
614	2.6666666666666665
615	2.6666666666666665
615	2.6666666666666665
616	2.6666666666666665
616	2.5
617	2.5
617	2.5
618	2.5
618	2.5
619	2.5
619	2.5
620	2.5
620	2.5
621	2.5
621	2.5
622	2.5
622	2.5
623	2.5
623	2.5
624	2.5
624	2.5
625	2.5
625	2.5
626	2.5
626	2.5
627	2.5
627	2.5
628	2.5
628	2.5
629	2.5
629	2.5
630	2.5
630	2.5
631	2.5
631	2.5
632	2.5
632	2.5
633	2.5
633	2.5
634	2.5
634	2.5
635	2.5
635	2.5
636	2.5
636	2.5
637	2.5
637	2.5
638	2.5
638	2.5
639	2.5
639	2.5
640	2.5
640	2.5
641	2.5
641	2.5
642	2.5
642	2.6666666666666665
643	2.6666666666666665
643	2.6666666666666665
644	2.6666666666666665
644	3.0
645	3.0
645	3.0
646	3.0
646	3.0
647	3.0
647	3.0
648	3.0
648	3.0
649	3.0
649	3.0
650	3.0
650	3.0
651	3.0
651	3.0
652	3.0
652	3.0
653	3.0
653	3.0
654	3.0
654	3.0
655	3.0
655	3.0
656	3.0
656	3.0
657	3.0
657	3.0
658	3.0
658	3.0
659	3.0
659	3.0
660	3.0
660	3.0
661	3.0
661	3.0
662	3.0
662	4.0
663	4.0
663	4.0
664	4.0
664	4.0
665	4.0
665	4.0
666	4.0
666	4.0
667	4.0
667	4.0
668	4.0
668	4.0
669	4.0
669	4.0
670	4.0
670	4.0
671	4.0
671	4.0
672	4.0
672	4.0
673	4.0
673	4.0
674	4.0
674	4.0
675	4.0
675	4.0
676	4.0
676	4.0
677	4.0
677	4.0
678	4.0
678	4.0
679	4.0
679	4.0
680	4.0
680	4.0
681	4.0
681	4.0
682	4.0
682	4.0
683	4.0
683	4.0
684	4.0
684	4.0
685	4.0
685	4.0
686	4.0
686	4.0
687	4.0
687	4.0
688	4.0
688	4.0
689	4.0
689	4.0
690	4.0
690	4.0
691	4.0
691	4.0
692	4.0
692	4.0
693	4.0
693	4.5
694	4.5
694	4.5
695	4.5
695	4.5
696	4.5
696	4.5
697	4.5
697	4.5
698	4.5
698	4.5
699	4.5
699	4.5
700	4.5
700	4.5
701	4.5
701	4.5
702	4.5
702	4.5
703	4.5
703	4.5
704	4.5
704	5.0
705	5.0
705	5.0
706	5.0
706	5.0
707	5.0
707	5.0
708	5.0
708	5.0
709	5.0
709	5.0
710	5.0
710	5.0
711	5.0
711	5.0
712	5.0
712	5.0
713	5.0
713	5.0
714	5.0
714	5.0
715	5.0
715	5.0
716	5.0
716	5.0
717	5.0
717	5.0
718	5.0
718	5.0
719	5.0
719	5.0
720	5.0
720	5.0
721	5.0
721	5.0
722	5.0
722	5.0
723	5.0
723	5.0
724	5.0
724	5.0
725	5.0
725	5.0
726	5.0
726	5.0
727	5.0
727	5.0
728	5.0
728	5.0
729	5.0
729	5.0
730	5.0
730	5.0
731	5.0
731	5.0
732	5.0
732	5.0
733	5.0
733	5.0
734	5.0
734	4.8
735	4.8
735	4.8
736	4.8
736	4.8
737	4.8
737	4.8
738	4.8
738	4.8
739	4.8
739	4.8
740	4.8
740	4.8
741	4.8
741	4.8
742	4.8
742	4.8
743	4.8
743	4.8
744	4.8
744	4.8
745	4.8
745	4.8
746	4.8
746	4.8
747	4.8
747	4.8
748	4.8
748	4.8
749	4.8
749	4.833333333333333
750	4.833333333333333
750	4.833333333333333
751	4.833333333333333
751	4.833333333333333
752	4.833333333333333
752	4.833333333333333
753	4.833333333333333
753	4.833333333333333
754	4.833333333333333
754	4.833333333333333
755	4.833333333333333
755	4.857142857142857
756	4.857142857142857
756	5.125
757	5.125
757	5.125
758	5.125
758	5.125
759	5.125
759	5.125
760	5.125
760	5.125
761	5.125
761	5.125
762	5.125
762	5.125
763	5.125
763	5.125
764	5.125
764	5.125
765	5.125
765	5.125
766	5.125
766	5.125
767	5.125
767	5.125
768	5.125
768	5.125
769	5.125
769	5.125
770	5.125
770	5.125
771	5.125
771	5.125
772	5.125
772	5.125
773	5.125
773	5.125
774	5.125
774	5.125
775	5.125
775	5.125
776	5.125
776	5.125
777	5.125
777	5.125
778	5.125
778	5.142857142857143
779	5.142857142857143
779	5.142857142857143
780	5.142857142857143
780	5.142857142857143
781	5.142857142857143
781	4.833333333333333
782	4.833333333333333
782	4.833333333333333
783	4.833333333333333
783	4.833333333333333
784	4.833333333333333
784	4.833333333333333
785	4.833333333333333
785	4.833333333333333
786	4.833333333333333
786	4.833333333333333
787	4.833333333333333
787	4.833333333333333
788	4.833333333333333
788	4.833333333333333
789	4.833333333333333
789	4.833333333333333
790	4.833333333333333
790	4.833333333333333
791	4.833333333333333
791	4.833333333333333
792	4.833333333333333
792	4.833333333333333
793	4.833333333333333
793	4.833333333333333
794	4.833333333333333
794	4.833333333333333
795	4.833333333333333
795	4.6
796	4.6
796	4.6
797	4.6
797	4.6
798	4.6
798	4.6
799	4.6
799	4.6
800	4.6
800	4.6
801	4.6
801	4.6
802	4.6
802	4.6
803	4.6
803	4.8
804	4.8
804	4.5
805	4.5
805	4.5
806	4.5
806	4.5
807	4.5
807	4.5
808	4.5
808	4.5
809	4.5
809	4.5
810	4.5
810	4.5
811	4.5
811	4.5
812	4.5
812	4.5
813	4.5
813	4.571428571428571
814	4.571428571428571
814	4.571428571428571
815	4.571428571428571
815	4.571428571428571
816	4.571428571428571
816	4.571428571428571
817	4.571428571428571
817	4.571428571428571
818	4.571428571428571
818	4.571428571428571
819	4.571428571428571
819	4.571428571428571
820	4.571428571428571
820	4.571428571428571
821	4.571428571428571
821	4.571428571428571
822	4.571428571428571
822	4.571428571428571
823	4.571428571428571
823	4.571428571428571
824	4.571428571428571
824	4.571428571428571
825	4.571428571428571
825	4.625
826	4.625
826	4.625
827	4.625
827	4.625
828	4.625
828	4.625
829	4.625
829	4.857142857142857
830	4.857142857142857
830	4.857142857142857
831	4.857142857142857
831	4.857142857142857
832	4.857142857142857
832	4.857142857142857
833	4.857142857142857
833	4.857142857142857
834	4.857142857142857
834	4.857142857142857
835	4.857142857142857
835	4.857142857142857
836	4.857142857142857
836	4.857142857142857
837	4.857142857142857
837	4.857142857142857
838	4.857142857142857
838	4.857142857142857
839	4.857142857142857
839	4.75
840	4.75
840	4.75
841	4.75
841	4.75
842	4.75
842	4.75
843	4.75
843	4.75
844	4.75
844	4.75
845	4.75
845	4.714285714285714
846	4.714285714285714
846	4.714285714285714
847	4.714285714285714
847	4.833333333333333
848	4.833333333333333
848	4.6
849	4.6
849	4.6
850	4.6
850	4.6
851	4.6
851	4.6
852	4.6
852	4.6
853	4.6
853	4.6
854	4.6
854	4.5
855	4.5
855	4.4
856	4.4
856	4.4
857	4.4
857	4.4
858	4.4
858	4.4
859	4.4
859	4.4
860	4.4
860	4.333333333333333
861	4.333333333333333
861	4.333333333333333
862	4.333333333333333
862	4.333333333333333
863	4.333333333333333
863	4.333333333333333
864	4.333333333333333
864	4.333333333333333
865	4.333333333333333
865	4.333333333333333
866	4.333333333333333
866	4.333333333333333
867	4.333333333333333
867	4.333333333333333
868	4.333333333333333
868	4.333333333333333
869	4.333333333333333
869	4.333333333333333
870	4.333333333333333
870	4.333333333333333
871	4.333333333333333
871	4.333333333333333
872	4.333333333333333
872	4.333333333333333
873	4.333333333333333
873	4.333333333333333
874	4.333333333333333
874	4.428571428571429
875	4.428571428571429
875	4.428571428571429
876	4.428571428571429
876	4.428571428571429
877	4.428571428571429
877	4.428571428571429
878	4.428571428571429
878	4.428571428571429
879	4.428571428571429
879	4.428571428571429
880	4.428571428571429
880	4.428571428571429
881	4.428571428571429
881	4.5
882	4.5
882	4.5
883	4.5
883	4.5
884	4.5
884	4.5
885	4.5
885	4.5
886	4.5
886	4.5
887	4.5
887	4.6
888	4.6
888	4.6
889	4.6
889	4.6
890	4.6
890	4.6
891	4.6
891	4.75
892	4.75
892	4.75
893	4.75
893	4.75
894	4.75
894	4.75
895	4.75
895	4.75
896	4.75
896	4.75
897	4.75
897	4.75
898	4.75
898	4.75
899	4.75
899	4.75
900	4.75
900	4.75
901	4.75
901	4.75
902	4.75
902	4.75
903	4.75
903	4.75
904	4.75
904	4.75
905	4.75
905	4.75
906	4.75
906	4.8
907	4.8
907	4.75
908	4.75
908	4.75
909	4.75
909	4.4
910	4.4
910	4.4
911	4.4
911	4.4
912	4.4
912	4.4
913	4.4
913	4.4
914	4.4
914	4.4
915	4.4
915	4.4
916	4.4
916	4.4
917	4.4
917	4.4
918	4.4
918	4.4
919	4.4
919	4.4
920	4.4
920	4.4
921	4.4
921	4.4
922	4.4
922	4.4
923	4.4
923	4.4
924	4.4
924	4.333333333333333
925	4.333333333333333
925	4.333333333333333
926	4.333333333333333
926	4.333333333333333
927	4.333333333333333
927	4.333333333333333
928	4.333333333333333
928	4.333333333333333
929	4.333333333333333
929	4.0
930	4.0
930	4.0
931	4.0
931	4.0
932	4.0
932	4.0
933	4.0
933	4.0
934	4.0
934	4.0
935	4.0
935	4.0
936	4.0
936	4.0
937	4.0
937	4.0
938	4.0
938	4.0
939	4.0
939	4.0
940	4.0
940	4.0
941	4.0
941	4.0
942	4.0
942	4.0
943	4.0
943	4.0
944	4.0
944	4.0
945	4.0
945	4.0
946	4.0
946	4.0
947	4.0
947	3.8
948	3.8
948	3.8
949	3.8
949	3.8
950	3.8
950	3.8
951	3.8
951	3.8
952	3.8
952	3.8
953	3.8
953	3.8
954	3.8
954	3.8
955	3.8
955	3.8
956	3.8
956	3.8
957	3.8
957	3.8
958	3.8
958	3.8
959	3.8
959	3.8
960	3.8
960	3.8
961	3.8
961	3.8
962	3.8
962	3.8
963	3.8
963	4.0
964	4.0
964	4.0
965	4.0
965	4.0
966	4.0
966	4.0
967	4.0
967	4.0
968	4.0
968	4.0
969	4.0
969	4.375
970	4.375
970	4.375
971	4.375
971	4.375
972	4.375
972	4.375
973	4.375
973	4.375
974	4.375
974	4.375
975	4.375
975	4.375
976	4.375
976	4.375
977	4.375
977	4.375
978	4.375
978	4.375
979	4.375
979	4.375
980	4.375
980	4.375
981	4.375
981	4.375
982	4.375
982	4.375
983	4.375
983	4.375
984	4.375
984	4.375
985	4.375
985	4.375
986	4.375
986	4.444444444444445
987	4.444444444444445
987	4.444444444444445
988	4.444444444444445
988	4.444444444444445
989	4.444444444444445
989	4.444444444444445
990	4.444444444444445
990	4.444444444444445
991	4.444444444444445
991	4.444444444444445
992	4.444444444444445
992	4.444444444444445
993	4.444444444444445
993	4.444444444444445
994	4.444444444444445
994	4.444444444444445
995	4.444444444444445
995	4.444444444444445
996	4.444444444444445
996	4.5
997	4.5
997	4.454545454545454
998	4.454545454545454
998	4.454545454545454
999	4.454545454545454
999	4.416666666666667
1000	4.416666666666667
1000	4.416666666666667
1001	4.416666666666667
1001	4.416666666666667
1002	4.416666666666667
1002	4.416666666666667
1003	4.416666666666667
1003	4.416666666666667
1004	4.416666666666667
1004	4.538461538461538
1005	4.538461538461538
1005	4.538461538461538
1006	4.538461538461538
1006	4.538461538461538
1007	4.538461538461538
1007	4.538461538461538
1008	4.538461538461538
1008	4.538461538461538
1009	4.538461538461538
1009	4.571428571428571
1010	4.571428571428571
1010	4.538461538461538
1011	4.538461538461538
1011	4.428571428571429
1012	4.428571428571429
1012	4.428571428571429
1013	4.428571428571429
1013	4.428571428571429
1014	4.428571428571429
1014	4.428571428571429
1015	4.428571428571429
1015	4.428571428571429
1016	4.428571428571429
1016	4.428571428571429
1017	4.428571428571429
1017	4.428571428571429
1018	4.428571428571429
1018	4.428571428571429
1019	4.428571428571429
1019	4.428571428571429
1020	4.428571428571429
1020	4.428571428571429
1021	4.428571428571429
1021	4.428571428571429
1022	4.428571428571429
1022	4.428571428571429
1023	4.428571428571429
1023	4.428571428571429
1024	4.428571428571429
1024	4.5
1025	4.5
1025	4.466666666666667
1026	4.466666666666667
1026	4.375
1027	4.375
1027	4.375
1028	4.375
1028	4.375
1029	4.375
1029	4.375
1030	4.375
1030	4.375
1031	4.375
1031	4.375
1032	4.375
1032	4.375
1033	4.375
1033	4.375
1034	4.375
1034	4.466666666666667
1035	4.466666666666667
1035	4.428571428571429
1036	4.428571428571429
1036	4.3076923076923075
1037	4.3076923076923075
1037	4.3076923076923075
1038	4.3076923076923075
1038	4.3076923076923075
1039	4.3076923076923075
1039	4.3076923076923075
1040	4.3076923076923075
1040	4.3076923076923075
1041	4.3076923076923075
1041	4.3076923076923075
1042	4.3076923076923075
1042	4.3076923076923075
1043	4.3076923076923075
1043	4.333333333333333
1044	4.333333333333333
1044	4.333333333333333
1045	4.333333333333333
1045	4.333333333333333
1046	4.333333333333333
1046	4.076923076923077
1047	4.076923076923077
1047	4.076923076923077
1048	4.076923076923077
1048	4.076923076923077
1049	4.076923076923077
1049	4.076923076923077
1050	4.076923076923077
1050	4.076923076923077
1051	4.076923076923077
1051	4.076923076923077
1052	4.076923076923077
1052	4.076923076923077
1053	4.076923076923077
1053	4.0
1054	4.0
1054	4.0
1055	4.0
1055	4.0
1056	4.0
1056	4.0
1057	4.0
1057	4.0
1058	4.0
1058	4.083333333333333
1059	4.083333333333333
1059	4.083333333333333
1060	4.083333333333333
1060	4.083333333333333
1061	4.083333333333333
1061	4.076923076923077
1062	4.076923076923077
1062	4.166666666666667
1063	4.166666666666667
1063	4.166666666666667
1064	4.166666666666667
1064	4.230769230769231
1065	4.230769230769231
1065	4.230769230769231
1066	4.230769230769231
1066	4.230769230769231
1067	4.230769230769231
1067	4.230769230769231
1068	4.230769230769231
1068	4.166666666666667
1069	4.166666666666667
1069	4.166666666666667
1070	4.166666666666667
1070	4.153846153846154
1071	4.153846153846154
1071	4.153846153846154
1072	4.153846153846154
1072	4.153846153846154
1073	4.153846153846154
1073	4.153846153846154
1074	4.153846153846154
1074	4.153846153846154
1075	4.153846153846154
1075	4.142857142857143
1076	4.142857142857143
1076	4.142857142857143
1077	4.142857142857143
1077	4.142857142857143
1078	4.142857142857143
1078	4.142857142857143
1079	4.142857142857143
1079	4.142857142857143
1080	4.142857142857143
1080	4.133333333333334
1081	4.133333333333334
1081	4.0
1082	4.0
1082	4.0
1083	4.0
1083	3.9166666666666665
1084	3.9166666666666665
1084	4.076923076923077
1085	4.076923076923077
1085	4.076923076923077
1086	4.076923076923077
1086	4.076923076923077
1087	4.076923076923077
1087	4.076923076923077
1088	4.076923076923077
1088	4.076923076923077
1089	4.076923076923077
1089	4.076923076923077
1090	4.076923076923077
1090	4.076923076923077
1091	4.076923076923077
1091	4.333333333333333
1092	4.333333333333333
1092	4.333333333333333
1093	4.333333333333333
1093	4.333333333333333
1094	4.333333333333333
1094	4.333333333333333
1095	4.333333333333333
1095	4.333333333333333
1096	4.333333333333333
1096	4.363636363636363
1097	4.363636363636363
1097	4.363636363636363
1098	4.363636363636363
1098	4.363636363636363
1099	4.363636363636363
1099	4.3
1100	4.3
1100	4.3
1101	4.3
1101	4.3
1102	4.3
1102	4.2727272727272725
1103	4.2727272727272725
1103	4.3
1104	4.3
1104	4.3
1105	4.3
1105	4.3
1106	4.3
1106	4.222222222222222
1107	4.222222222222222
1107	4.222222222222222
1108	4.222222222222222
1108	4.222222222222222
1109	4.222222222222222
1109	4.2
1110	4.2
1110	4.2
1111	4.2
1111	4.2
1112	4.2
1112	4.2
1113	4.2
1113	4.222222222222222
1114	4.222222222222222
1114	4.222222222222222
1115	4.222222222222222
1115	4.222222222222222
1116	4.222222222222222
1116	4.222222222222222
1117	4.222222222222222
1117	4.222222222222222
1118	4.222222222222222
1118	4.1
1119	4.1
1119	4.1
1120	4.1
1120	4.1
1121	4.1
1121	4.1
1122	4.1
1122	4.1
1123	4.1
1123	4.1
1124	4.1
1124	4.1
1125	4.1
1125	4.181818181818182
1126	4.181818181818182
1126	4.181818181818182
1127	4.181818181818182
1127	4.25
1128	4.25
1128	4.384615384615385
1129	4.384615384615385
1129	4.384615384615385
1130	4.384615384615385
1130	4.384615384615385
1131	4.384615384615385
1131	4.384615384615385
1132	4.384615384615385
1132	4.384615384615385
1133	4.384615384615385
1133	4.384615384615385
1134	4.384615384615385
1134	4.384615384615385
1135	4.384615384615385
1135	4.384615384615385
1136	4.384615384615385
1136	4.384615384615385
1137	4.384615384615385
1137	4.416666666666667
1138	4.416666666666667
1138	4.454545454545454
1139	4.454545454545454
1139	4.454545454545454
1140	4.454545454545454
1140	4.454545454545454
1141	4.454545454545454
1141	4.454545454545454
1142	4.454545454545454
1142	4.6
1143	4.6
1143	4.6
1144	4.6
1144	4.6
1145	4.6
1145	4.6
1146	4.6
1146	4.6
1147	4.6
1147	4.5
1148	4.5
1148	4.571428571428571
1149	4.571428571428571
1149	4.571428571428571
1150	4.571428571428571
1150	4.333333333333333
1151	4.333333333333333
1151	4.333333333333333
1152	4.333333333333333
1152	4.333333333333333
1153	4.333333333333333
1153	4.333333333333333
1154	4.333333333333333
1154	4.333333333333333
1155	4.333333333333333
1155	4.428571428571429
1156	4.428571428571429
1156	4.428571428571429
1157	4.428571428571429
1157	4.428571428571429
1158	4.428571428571429
1158	4.428571428571429
1159	4.428571428571429
1159	4.428571428571429
1160	4.428571428571429
1160	4.428571428571429
1161	4.428571428571429
1161	4.5
1162	4.5
1162	4.5
1163	4.5
1163	4.5
1164	4.5
1164	4.5
1165	4.5
1165	4.5
1166	4.5
1166	4.5
1167	4.5
1167	4.5
1168	4.5
1168	4.5
1169	4.5
1169	4.5
1170	4.5
1170	4.5
1171	4.5
1171	4.5
1172	4.5
1172	4.5
1173	4.5
1173	4.5
1174	4.5
1174	4.5
1175	4.5
1175	4.857142857142857
1176	4.857142857142857
1176	4.857142857142857
1177	4.857142857142857
1177	4.857142857142857
1178	4.857142857142857
1178	4.857142857142857
1179	4.857142857142857
1179	4.857142857142857
1180	4.857142857142857
1180	4.857142857142857
1181	4.857142857142857
1181	4.857142857142857
1182	4.857142857142857
1182	4.857142857142857
1183	4.857142857142857
1183	4.857142857142857
1184	4.857142857142857
1184	4.857142857142857
1185	4.857142857142857
1185	5.0
1186	5.0
1186	5.0
1187	5.0
1187	5.0
1188	5.0
1188	5.0
1189	5.0
1189	5.0
1190	5.0
1190	5.0
1191	5.0
1191	5.0
1192	5.0
1192	5.0
1193	5.0
1193	5.0
1194	5.0
1194	5.0
1195	5.0
1195	5.0
1196	5.0
1196	5.0
1197	5.0
1197	5.0
1198	5.0
1198	5.125
1199	5.125
1199	5.0
1200	5.0
1200	5.0
1201	5.0
1201	5.0
1202	5.0
1202	5.0
1203	5.0
1203	5.0
1204	5.0
1204	5.0
1205	5.0
1205	4.888888888888889
1206	4.888888888888889
1206	4.888888888888889
1207	4.888888888888889
1207	4.888888888888889
1208	4.888888888888889
1208	4.888888888888889
1209	4.888888888888889
1209	4.888888888888889
1210	4.888888888888889
1210	4.888888888888889
1211	4.888888888888889
1211	5.0
1212	5.0
1212	5.0
1213	5.0
1213	5.125
1214	5.125
1214	5.222222222222222
1215	5.222222222222222
1215	5.222222222222222
1216	5.222222222222222
1216	5.222222222222222
1217	5.222222222222222
1217	5.0
1218	5.0
1218	5.0
1219	5.0
1219	5.0
1220	5.0
1220	5.0
1221	5.0
1221	5.0
1222	5.0
1222	5.0
1223	5.0
1223	5.0
1224	5.0
1224	5.0
1225	5.0
1225	5.0
1226	5.0
1226	5.0
1227	5.0
1227	5.0
1228	5.0
1228	5.0
1229	5.0
1229	5.0
1230	5.0
1230	4.909090909090909
1231	4.909090909090909
1231	5.0
1232	5.0
1232	4.888888888888889
1233	4.888888888888889
1233	4.888888888888889
1234	4.888888888888889
1234	4.888888888888889
1235	4.888888888888889
1235	4.888888888888889
1236	4.888888888888889
1236	4.888888888888889
1237	4.888888888888889
1237	4.888888888888889
1238	4.888888888888889
1238	4.888888888888889
1239	4.888888888888889
1239	4.875
1240	4.875
1240	4.875
1241	4.875
1241	4.875
1242	4.875
1242	5.142857142857143
1243	5.142857142857143
1243	5.142857142857143
1244	5.142857142857143
1244	5.142857142857143
1245	5.142857142857143
1245	5.142857142857143
1246	5.142857142857143
1246	5.142857142857143
1247	5.142857142857143
1247	5.142857142857143
1248	5.142857142857143
1248	5.142857142857143
1249	5.142857142857143
1249	5.142857142857143
1250	5.142857142857143
1250	5.166666666666667
1251	5.166666666666667
1251	5.166666666666667
1252	5.166666666666667
1252	5.166666666666667
1253	5.166666666666667
1253	5.166666666666667
1254	5.166666666666667
1254	5.166666666666667
1255	5.166666666666667
1255	5.166666666666667
1256	5.166666666666667
1256	5.166666666666667
1257	5.166666666666667
1257	5.166666666666667
1258	5.166666666666667
1258	5.285714285714286
1259	5.285714285714286
1259	5.0
1260	5.0
1260	5.0
1261	5.0
1261	5.0
1262	5.0
1262	5.0
1263	5.0
1263	5.0
1264	5.0
1264	5.0
1265	5.0
1265	5.0
1266	5.0
1266	4.888888888888889
1267	4.888888888888889
1267	5.090909090909091
1268	5.090909090909091
1268	5.0
1269	5.0
1269	5.0
1270	5.0
1270	5.0
1271	5.0
1271	5.0
1272	5.0
1272	5.0
1273	5.0
1273	5.0
1274	5.0
1274	5.0
1275	5.0
1275	5.0
1276	5.0
1276	5.090909090909091
1277	5.090909090909091
1277	5.090909090909091
1278	5.090909090909091
1278	5.090909090909091
1279	5.090909090909091
1279	5.090909090909091
1280	5.090909090909091
1280	5.090909090909091
1281	5.090909090909091
1281	5.090909090909091
1282	5.090909090909091
1282	5.090909090909091
1283	5.090909090909091
1283	5.090909090909091
1284	5.090909090909091
1284	5.090909090909091
1285	5.090909090909091
1285	5.3
1286	5.3
1286	5.3
1287	5.3
1287	5.3
1288	5.3
1288	5.125
1289	5.125
1289	5.125
1290	5.125
1290	5.0
1291	5.0
1291	5.0
1292	5.0
1292	5.0
1293	5.0
1293	5.0
1294	5.0
1294	5.166666666666667
1295	5.166666666666667
1295	5.4
1296	5.4
1296	5.4
1297	5.4
1297	5.4
1298	5.4
1298	5.4
1299	5.4
1299	5.4
1300	5.4
1300	5.4
1301	5.4
1301	5.4
1302	5.4
1302	5.4
1303	5.4
1303	5.25
1304	5.25
1304	5.25
1305	5.25
1305	5.25
1306	5.25
1306	5.2
1307	5.2
1307	5.2
1308	5.2
1308	5.2
1309	5.2
1309	5.2
1310	5.2
1310	5.2
1311	5.2
1311	5.333333333333333
1312	5.333333333333333
1312	5.333333333333333
1313	5.333333333333333
1313	5.142857142857143
1314	5.142857142857143
1314	5.142857142857143
1315	5.142857142857143
1315	5.142857142857143
1316	5.142857142857143
1316	5.125
1317	5.125
1317	5.125
1318	5.125
1318	5.125
1319	5.125
1319	5.125
1320	5.125
1320	5.125
1321	5.125
1321	5.125
1322	5.125
1322	5.125
1323	5.125
1323	5.125
1324	5.125
1324	5.125
1325	5.125
1325	5.125
1326	5.125
1326	5.125
1327	5.125
1327	5.125
1328	5.125
1328	5.125
1329	5.125
1329	5.125
1330	5.125
1330	5.125
1331	5.125
1331	5.125
1332	5.125
1332	5.125
1333	5.125
1333	5.125
1334	5.125
1334	5.125
1335	5.125
1335	5.0
1336	5.0
1336	5.0
1337	5.0
1337	5.0
1338	5.0
1338	5.0
1339	5.0
1339	5.0
1340	5.0
1340	5.0
1341	5.0
1341	5.0
1342	5.0
1342	5.0
1343	5.0
1343	5.25
1344	5.25
1344	5.25
1345	5.25
1345	5.25
1346	5.25
1346	5.25
1347	5.25
1347	5.25
1348	5.25
1348	5.25
1349	5.25
1349	5.0
1350	5.0
1350	5.0
1351	5.0
1351	5.0
1352	5.0
1352	5.0
1353	5.0
1353	5.0
1354	5.0
1354	5.0
1355	5.0
1355	5.0
1356	5.0
1356	5.0
1357	5.0
1357	5.0
1358	5.0
1358	5.0
1359	5.0
1359	5.0
1360	5.0
1360	5.0
1361	5.0
1361	5.0
1362	5.0
1362	5.0
1363	5.0
1363	5.0
1364	5.0
1364	5.0
1365	5.0
1365	5.25
1366	5.25
1366	5.25
1367	5.25
1367	5.25
1368	5.25
1368	5.25
1369	5.25
1369	5.25
1370	5.25
1370	5.25
1371	5.25
1371	5.25
1372	5.25
1372	5.25
1373	5.25
1373	5.25
1374	5.25
1374	5.25
1375	5.25
1375	5.25
1376	5.25
1376	5.333333333333333
1377	5.333333333333333
1377	5.333333333333333
1378	5.333333333333333
1378	5.75
1379	5.75
1379	5.75
1380	5.75
1380	5.75
1381	5.75
1381	5.75
1382	5.75
1382	5.75
1383	5.75
1383	5.75
1384	5.75
1384	5.75
1385	5.75
1385	5.75
1386	5.75
1386	5.75
1387	5.75
1387	6.333333333333333
1388	6.333333333333333
1388	6.333333333333333
1389	6.333333333333333
1389	6.333333333333333
1390	6.333333333333333
1390	6.333333333333333
1391	6.333333333333333
1391	6.333333333333333
1392	6.333333333333333
1392	6.333333333333333
1393	6.333333333333333
1393	6.333333333333333
1394	6.333333333333333
1394	6.333333333333333
1395	6.333333333333333
1395	6.333333333333333
1396	6.333333333333333
1396	6.333333333333333
1397	6.333333333333333
1397	6.333333333333333
1398	6.333333333333333
1398	6.333333333333333
1399	6.333333333333333
1399	6.333333333333333
1400	6.333333333333333
1400	6.333333333333333
1401	6.333333333333333
1401	6.5
1402	6.5
1402	6.5
1403	6.5
1403	6.5
1404	6.5
1404	6.5
1405	6.5
1405	6.5
1406	6.5
1406	6.0
1407	6.0
1407	6.0
1408	6.0
1408	6.0
1409	6.0
1409	6.5
1410	6.5
1410	6.5
1411	6.5
1411	6.5
1412	6.5
1412	6.5
1413	6.5
1413	6.5
1414	6.5
1414	6.5
1415	6.5
1415	6.5
1416	6.5
1416	6.5
1417	6.5
1417	6.5
1418	6.5
1418	6.5
1419	6.5
1419	6.8
1420	6.8
1420	6.8
1421	6.8
1421	6.8
1422	6.8
1422	6.8
1423	6.8
1423	6.8
1424	6.8
1424	6.8
1425	6.8
1425	6.8
1426	6.8
1426	6.8
1427	6.8
1427	6.8
1428	6.8
1428	6.8
1429	6.8
1429	6.8
1430	6.8
1430	6.8
1431	6.8
1431	6.8
1432	6.8
1432	6.8
1433	6.8
1433	6.8
1434	6.8
1434	6.8
1435	6.8
1435	6.8
1436	6.8
1436	6.8
1437	6.8
1437	6.8
1438	6.8
1438	6.8
1439	6.8
1439	6.8
1440	6.8
1440	6.8
1441	6.8
1441	6.8
1442	6.8
1442	6.75
1443	6.75
1443	6.75
1444	6.75
1444	6.75
1445	6.75
1445	6.75
1446	6.75
1446	6.75
1447	6.75
1447	6.75
1448	6.75
1448	6.75
1449	6.75
1449	6.75
1450	6.75
1450	6.75
1451	6.75
1451	6.75
1452	6.75
1452	6.5
1453	6.5
1453	6.5
1454	6.5
1454	6.5
1455	6.5
1455	6.5
1456	6.5
1456	6.5
1457	6.5
1457	6.5
1458	6.5
1458	6.714285714285714
1459	6.714285714285714
1459	6.714285714285714
1460	6.714285714285714
1460	6.714285714285714
1461	6.714285714285714
1461	6.714285714285714
1462	6.714285714285714
1462	6.714285714285714
1463	6.714285714285714
1463	6.714285714285714
1464	6.714285714285714
1464	6.714285714285714
1465	6.714285714285714
1465	6.714285714285714
1466	6.714285714285714
1466	6.714285714285714
1467	6.714285714285714
1467	6.714285714285714
1468	6.714285714285714
1468	6.714285714285714
1469	6.714285714285714
1469	6.714285714285714
1470	6.714285714285714
1470	6.714285714285714
1471	6.714285714285714
1471	6.714285714285714
1472	6.714285714285714
1472	6.714285714285714
1473	6.714285714285714
1473	6.666666666666667
1474	6.666666666666667
1474	6.666666666666667
1475	6.666666666666667
1475	6.666666666666667
1476	6.666666666666667
1476	6.666666666666667
1477	6.666666666666667
1477	6.666666666666667
1478	6.666666666666667
1478	6.666666666666667
1479	6.666666666666667
1479	6.666666666666667
1480	6.666666666666667
1480	6.666666666666667
1481	6.666666666666667
1481	6.666666666666667
1482	6.666666666666667
1482	6.666666666666667
1483	6.666666666666667
1483	6.666666666666667
1484	6.666666666666667
1484	6.666666666666667
1485	6.666666666666667
1485	6.666666666666667
1486	6.666666666666667
1486	6.666666666666667
1487	6.666666666666667
1487	6.666666666666667
1488	6.666666666666667
1488	6.666666666666667
1489	6.666666666666667
1489	6.666666666666667
1490	6.666666666666667
1490	6.666666666666667
1491	6.666666666666667
1491	6.666666666666667
1492	6.666666666666667
1492	6.666666666666667
1493	6.666666666666667
1493	6.4
1494	6.4
1494	6.4
1495	6.4
1495	6.4
1496	6.4
1496	6.4
1497	6.4
1497	6.4
1498	6.4
1498	6.4
1499	6.4
1499	6.4
1500	6.4
1500	6.4
1501	6.4
1501	6.4
1502	6.4
1502	6.4
1503	6.4
1503	6.4
1504	6.4
1504	6.4
1505	6.4
1505	6.0
1506	6.0
1506	6.4
1507	6.4
1507	6.333333333333333
1508	6.333333333333333
1508	6.285714285714286
1509	6.285714285714286
1509	6.0
1510	6.0
1510	6.0
1511	6.0
1511	6.0
1512	6.0
1512	6.0
1513	6.0
1513	6.0
1514	6.0
1514	6.0
1515	6.0
1515	6.0
1516	6.0
1516	6.0
1517	6.0
1517	6.0
1518	6.0
1518	6.0
1519	6.0
1519	6.3
1520	6.3
1520	6.3
1521	6.3
1521	6.3
1522	6.3
1522	6.3
1523	6.3
1523	6.3
1524	6.3
1524	6.3
1525	6.3
1525	6.3
1526	6.3
1526	6.3
1527	6.3
1527	6.3
1528	6.3
1528	6.3
1529	6.3
1529	6.3
1530	6.3
1530	6.333333333333333
1531	6.333333333333333
1531	6.333333333333333
1532	6.333333333333333
1532	6.333333333333333
1533	6.333333333333333
1533	6.3
1534	6.3
1534	6.3
1535	6.3
1535	6.3
1536	6.3
1536	6.3
1537	6.3
1537	6.333333333333333
1538	6.333333333333333
1538	6.333333333333333
1539	6.333333333333333
1539	6.333333333333333
1540	6.333333333333333
1540	6.333333333333333
1541	6.333333333333333
1541	6.333333333333333
1542	6.333333333333333
1542	6.625
1543	6.625
1543	6.285714285714286
1544	6.285714285714286
1544	6.285714285714286
1545	6.285714285714286
1545	6.333333333333333
1546	6.333333333333333
1546	6.333333333333333
1547	6.333333333333333
1547	6.4
1548	6.4
1548	6.4
1549	6.4
1549	6.333333333333333
1550	6.333333333333333
1550	6.428571428571429
1551	6.428571428571429
1551	6.428571428571429
1552	6.428571428571429
1552	6.5
1553	6.5
1553	6.5
1554	6.5
1554	6.5
1555	6.5
1555	6.5
1556	6.5
1556	6.5
1557	6.5
1557	6.5
1558	6.5
1558	6.5
1559	6.5
1559	6.5
1560	6.5
1560	6.5
1561	6.5
1561	6.5
1562	6.5
1562	6.5
1563	6.5
1563	6.5
1564	6.5
1564	6.5
1565	6.5
1565	6.5
1566	6.5
1566	6.571428571428571
1567	6.571428571428571
1567	6.571428571428571
1568	6.571428571428571
1568	6.75
1569	6.75
1569	6.571428571428571
1570	6.571428571428571
1570	6.571428571428571
1571	6.571428571428571
1571	6.571428571428571
1572	6.571428571428571
1572	6.571428571428571
1573	6.571428571428571
1573	6.571428571428571
1574	6.571428571428571
1574	6.571428571428571
1575	6.571428571428571
1575	6.625
1576	6.625
1576	6.625
1577	6.625
1577	6.625
1578	6.625
1578	6.625
1579	6.625
1579	6.625
1580	6.625
1580	6.625
1581	6.625
1581	6.444444444444445
1582	6.444444444444445
1582	6.444444444444445
1583	6.444444444444445
1583	6.444444444444445
1584	6.444444444444445
1584	6.444444444444445
1585	6.444444444444445
1585	6.444444444444445
1586	6.444444444444445
1586	6.444444444444445
1587	6.444444444444445
1587	6.444444444444445
1588	6.444444444444445
1588	6.444444444444445
1589	6.444444444444445
1589	6.444444444444445
1590	6.444444444444445
1590	6.444444444444445
1591	6.444444444444445
1591	6.444444444444445
1592	6.444444444444445
1592	6.444444444444445
1593	6.444444444444445
1593	6.444444444444445
